140264
140365
140405
141704
141740
142401
142459
142602
142835
143527
143810
143954
144087
144530
144559
144588
144695
144972
145152
145173
145363
145856
145906
145972
146128
146374
147271
147305
148495
210018
210075
210515
211465
211630
212142
212645
212698
212737
212916
213290
213455
214106
214652
215400
215435
215563
215615
215638
215887
216152
216360
216547
216565
216612
217087
217405
217460
218419
218618
219046
219059
219249
250070
250375
250420
250435
250622
250640
251200
252020
252100
252205
252820
252840
253035
253175
253185
253365
253540
253630
253660
253735
253910
254985
255080
255310
255565
256040
256135
256570
256970
257070
257515
257715
258395
258465
258480
258915
259090
259510
320941
323207
323287
323594
323621
324203
324418
324958
325220
325479
325660
326015
326255
326947
328792
329100
329445
390020
390043
390128
391392
391739
392797
392927
393029
393217
393832
394037
394516
395456
395481
395536
395891
396170
396597
398622
398932
399442
110072
110187
110338
111280
111436
112140
112193
112348
112483
113335
113717
113879
114108
114198
114442
114823
115079
115326
115515
115712
115768
115833
115901
115943
116446
116526
116558
116579
116610
116910
117551
118147
118740
118916
119241
119354
120177
120200
120676
120784
121030
121229
121425
121747
121873
122149
123418
123513
123527
124008
124181
124837
125237
125337
126001
126580
126705
127125
127298
127482
127522
127646
127755
127875
127935
128036
129080
129113
129253
129511
129557
129670
130112
130133
130600
131402
131533
131635
132724
132789
132864
132977
132999
134063
134142
134735
134894
135769
135796
135952
137147
137161
137979
138296
138688
150254
150619
150909
152791
153028
153430
153994
154703
155389
156091
157324
158709
158714
200032
200128
200146
200230
200779
201439
201486
201492
201675
202423
202737
203632
203823
204090
204104
204244
205434
205650
205662
205690
205816
206300
207690
207812
230204
230856
231037
231364
231711
231822
232289
232809
234271
234705
234825
234850
234904
235027
235253
235541
235671
235834
235976
237263
237963
238051
238223
238466
238523
238725
331072
331152
331541
331592
331890
332119
332791
333375
333758
333780
334189
335041
335297
335315
335669
336118
336196
336600
336781
338313
338534
338552
338769
338822
338830
339312
340017
340179
340256
340292
340548
340593
341243
341504
341724
341828
342678
342912
342944
343497
343821
343871
344055
344204
344235
344384
344573
344861
345063
345509
345779
345855
346130
346139
346278
346629
346638
346670
346926
346935
347012
347254
348501
348677
349395
349422
349445
470349
470991
471078
472001
472839
473405
473471
474546
475017
475120
475255
475474
475516
475932
476208
476330
476718
476827
476922
478027
478110
478827
478919
062658
063207
067970
068138
072730
073595
075915
076410
079605
170100
172426
172765
173046
173944
174566
175304
176430
176905
176937
177174
179891
180470
181385
181750
181995
182282
182523
183675
185111
185985
186620
186770
186915
187330
187806
188000
189440
189750
190120
190535
190736
191447
191561
192975
193213
194105
195246
196486
196681
198367
270703
272174
272999
273850
274399
280325
280734
280907
281582
283029
283951
284229
284987
285728
286055
287079
288899
300042
300085
300093
300183
300321
300360
300443
300448
300687
300889
300937
301012
301185
301387
301401
301752
301799
301966
301974
302610
303033
303184
303259
303319
303773
304102
304174
304555
304647
304791
304796
304844
304912
305113
305426
305512
305801
306085
306164
306314
306517
306659
306774
306820
307167
307484
307497
307633
308248
308383
308600
308631
308739
308906
308910
308944
309000
309292
309670
360106
361354
362537
362682
363028
363056
363526
363699
364385
365915
366233
366689
367322
367477
367931
368449
368596
368905
369050
369298
369408
369464
369728
369933
370896
374266
376698
431081
431243
431360
431580
432769
435740
437054
440766
440993
441209
441593
442208
442245
442941
443192
444101
444128
444876
444909
446139
446626
446712
447338
448062
449151
449263
461220
461330
463353
463544
465224
465626
465707
466867
467001
468384
469368
469605
469683
011084
012813
013160
013511
013816
015749
017157
017304
017366
018024
018178
018323
018380
018438
018469
080211
080228
080478
080611
082220
082850
082915
082944
083163
083186
083207
084289
084570
084731
085275
086414
086997
087020
087851
088758
088824
088942
090140
090586
090979
091340
092318
092475
092966
093621
093754
094170
095874
095882
096335
097276
097600
097847
098535
098703
098740
099141
099157
099186
099291
310090
310506
311458
311677
312635
312719
313017
313510
313969
313976
314055
314684
314938
315123
315177
315340
315356
315771
315830
315838
315890
317202
317615
317994
318113
318292
318500
319147
319476
380074
380165
380559
380764
381277
381310
381549
381588
381770
381944
381997
382260
383468
383747
383754
384690
384753
385017
385200
386209
386527
387631
387722
388426
388440
388887
389327
389350
389469
401790
402024
402108
402202
402489
402589
404561
405187
405882
406371
406534
407884
409155
409219
409502
030936
031596
031632
032356
032444
032930
034572
034756
035186
035508
035754
035820
035908
036253
036928
160098
160205
160537
160549
161287
161411
162151
162534
163313
163800
164407
164700
165026
166664
167344
168163
169013
169806
220021
220488
220955
221094
221389
221707
221865
221880
221962
222094
223107
223605
223887
223975
224173
224776
224939
225247
225987
226009
226177
226718
227111
227128
227132
228374
229079
229400
229426
229439
229793
229860
410120
410144
410493
410639
410832
410902
411048
411138
411528
411772
412015
412019
412266
412598
412679
412906
413063
413183
413420
413734
413873
413992
415018
415196
415272
415429
415618
415869
415875
416276
417336
417622
417945
418433
418910
419532
