020080
021026
021248
021614
022659
023160
023596
024089
024645
024849
025467
025512
026250
026796
027281
027370
027390
027435
027716
028619
028815
029271
029287
029359
029652
040693
040924
041048
041614
041715
041758
041912
042239
042294
042319
042728
042910
042941
043161
043257
043747
043761
043875
044232
044259
044713
044890
044997
045032
045385
045532
045983
046074
046118
046175
046399
046506
046508
046719
046730
046826
047195
047304
047306
047851
047902
047916
047965
048702
048758
048839
049087
049122
049200
049452
049490
049699
049855
049866
050848
051294
051528
051564
051741
052184
052281
052432
052446
053005
053038
053146
053662
053951
054076
054770
054834
055322
055722
057167
057337
057936
058204
058429
059243
260507
260691
261071
262573
262780
263245
264698
264950
265168
266779
267369
268988
269171
290692
290858
291469
291515
291664
291813
291887
292848
293265
293294
293368
294369
294426
294862
295150
295273
295960
295965
296435
297323
297610
297867
298107
298387
298501
298535
299156
299165
420086
420519
420738
420788
421731
422101
422253
422418
422592
422828
422996
423418
423611
423809
423896
424508
424856
425065
425148
425186
425402
425733
425752
425826
426404
426601
426686
427260
427318
427516
427714
427909
428119
428705
428771
428973
429111
429382
429595
429717
100010
100448
100470
101380
101408
101663
101960
102845
103143
103631
103732
104140
104295
104670
104831
104845
105241
105275
105462
105559
106152
106388
106542
106891
107264
107386
108080
108137
240199
240364
240780
241044
241552
241722
241737
242112
242173
242409
242689
242793
243013
243089
243110
243139
243558
243581
243751
243885
243984
244038
244055
244345
244522
244558
245015
245080
245338
245572
245668
245690
245761
246157
246472
246601
246660
246918
247286
247382
248501
248597
248857
248930
350304
350328
350412
350694
350854
351055
351433
351765
351862
351897
351946
352135
352406
352440
352997
353095
353445
353770
353827
353847
354003
354506
354670
355162
355362
355384
355593
355734
356032
356073
356426
356634
356883
356907
357169
357331
358466
358494
358746
358797
358997
450008
450587
450729
450945
451233
451276
451484
451504
451586
451654
451666
452007
452030
452505
452675
452914
453226
453284
454154
454748
454764
454769
455946
456039
456096
456610
456624
456678
456789
456803
456914
457059
457458
457507
457773
457938
458059
458207
458773
458928
459012
459074
459238
459376
480140
480540
480915
481175
481675
481730
481905
482595
482715
483100
484065
485345
485415
485830
486195
486440
486660
487105
487115
487240
487260
487388
487760
487845
487990
488160
488995
489615
489770
489905
140365
141704
143527
144087
144464
144530
144695
145856
145906
146374
147093
147271
148495
250130
250420
250640
251145
251200
252100
253035
253365
253540
253615
253715
253910
254110
254440
254900
254985
255310
255470
255565
256040
256970
320941
321871
322188
322365
323207
324178
324418
325479
326015
326155
326255
326315
327530
328792
329445
390043
391972
392429
392797
392927
393217
393832
394007
394516
395891
396170
396597
396947
399442
340179
340593
340908
341243
342944
343628
343871
344204
344298
344766
345509
346139
410120
410174
410493
410498
411000
411138
411528
412121
412679
412797
412906
413280
413992
415707
415875
416135
416892
417079
417336
417622
418201
418433
418692
