1077500,SMITHERS A               ,BC  ,station joined    , Monthly total of daily adjusted precipitation, mm, Updated to December 2010
1077500,SMITHERS A               ,BC  ,station jointe    , Total mensuel des chutes de précipitations quotidiennes ajustées, mm, Mise à jour jusqu à décembre 2010
Year,     Jan, ,     Feb, ,     Mar, ,     Apr, ,     May, ,     Jun, ,     Jul, ,     Aug, ,     Sep, ,     Oct, ,     Nov, ,     Dec, ,  Annual, ,  Winter, ,  Spring, ,  Summer, ,  Autumn
An  ,    Janv, ,     Fév, ,    Mars, ,     Avr, ,     Mai, ,    Juin, ,    Juil, ,    Août, ,    Sept, ,     Oct, ,     Nov, ,     Déc, ,  Annuel, ,   Hiver, ,Printemp, ,     Eté, , Automne
1922, -9999.9,M, -9999.9,M, -9999.9,M, -9999.9,M, -9999.9,M, -9999.9,M,     3.6, ,    16.0, ,    75.8, ,    24.1, ,    61.7, ,    39.9, , -9999.9,M, -9999.9,M, -9999.9,M, -9999.9,M,   161.6, ,
1923,    31.1, ,    17.4, ,    22.7, ,    10.6, ,    27.8, ,    85.4, ,    66.7, ,    68.4, ,    14.4, ,    46.6, ,    49.1, ,    55.4, ,   495.5, ,    88.4, ,    61.1, ,   220.4, ,   110.1, ,
1924,    40.0, ,    55.4, ,     9.0, ,    28.3, ,    10.3, ,    45.5, ,    76.8, ,    69.7, ,    50.7, ,    44.2, ,    34.0, ,    72.7, ,   536.7, ,   150.9, ,    47.7, ,   192.1, ,   128.9, ,
1925,    35.9, ,    49.9, ,    44.5, ,    10.3, ,     9.1, ,    48.2, ,    50.9, ,    81.3, ,    53.4, ,    45.0, ,    85.4, ,    77.9, ,   591.9, ,   158.4, ,    64.0, ,   180.5, ,   183.7, ,
1926,    32.7, ,    26.3, ,     8.3, ,    27.1, ,    62.4, ,    70.8, ,    80.8, ,    63.6, ,    18.2, ,    51.5, ,    41.4, ,    69.8, ,   553.2, ,   136.9, ,    97.8, ,   215.3, ,   111.2, ,
1927,    21.7, ,    39.5, ,    43.6, ,    37.3, ,    67.2, ,    75.1, ,    20.6, ,    17.7, ,    26.2, ,    58.7, ,    47.1, ,    80.4, ,   535.2, ,   131.0, ,   148.2, ,   113.4, ,   131.9, ,
1928,    71.7, ,    14.3, ,    40.2, ,     6.7, ,    52.6, ,     7.4, ,   187.7, ,    17.3, ,    36.5, ,    25.9, ,    26.0, ,    30.2, ,   516.5, ,   166.3, ,    99.5, ,   212.5, ,    88.4, ,
1929,    33.2, ,     3.8, ,    46.3, ,    28.1, ,    24.9, ,    50.6, ,   137.3, ,    40.4, , -9999.9,M,    33.6, ,    65.7, ,    38.5, , -9999.9,M,    67.2, ,    99.3, ,   228.4, , -9999.9,M,
1930,     8.9, ,    31.4, ,     3.8, ,    26.8, ,    34.4, ,    32.5, ,    19.1, ,     5.6, ,    92.2, ,    60.0, ,    15.9, ,    32.3, ,   362.9, ,    78.8, ,    65.1, ,    57.1, ,   168.1, ,
1931,    26.2, ,    10.0, ,    27.6, ,     6.1, ,    18.5, ,    94.7, ,    36.7, ,    38.6, ,    25.4, ,    18.5, ,    17.1, ,    36.7, ,   356.3, ,    68.5, ,    52.3, ,   170.0, ,    61.1, ,
1932,    34.8, ,    40.5, ,    21.1, ,    32.7, ,     8.1, ,    14.6, ,    54.6, ,    31.4, ,    32.2, ,    41.6, ,    56.7, ,    36.1, ,   404.5, ,   112.0, ,    61.9, ,   100.7, ,   130.5, ,
1933,    37.0, ,    11.1, ,    16.6, ,    14.9, ,    15.9, ,    13.7, ,    16.5, ,     3.3, ,    41.9, ,    61.3, ,    46.4, ,    61.3, ,   339.8, ,    84.1, ,    47.4, ,    33.4, ,   149.6, ,
1934,    60.2, ,     8.9, ,    23.7, ,     7.1, ,    11.2, ,    51.7, ,    86.7, ,    27.9, ,    62.4, ,   102.0, ,    57.0, ,    22.3, ,   521.2, ,   130.5, ,    42.0, ,   166.3, ,   221.4, ,
1935,    42.4, ,    20.9, ,    33.7, ,    18.8, ,    10.7, ,    63.7, ,    15.8, ,    13.4, ,    12.3, ,    60.6, ,    19.8, ,    31.5, ,   343.5, ,    85.6, ,    63.2, ,    92.8, ,    92.6, ,
1936,    40.7, ,    36.3, ,    18.4, ,    18.5, ,    45.2, ,   112.7, ,    88.1, ,    60.3, ,    74.2, ,    46.3, ,    44.3, ,    48.0, ,   633.0, ,   108.5, ,    82.1, ,   261.1, ,   164.8, ,
1937,    28.0, ,    35.7, ,    22.6, ,    27.9, ,    24.6, ,    76.3, ,    37.9, ,    71.3, ,    24.8, ,    16.6, ,    40.8, ,    47.3, ,   453.8, ,   111.7, ,    75.1, ,   185.5, ,    82.1, ,
1938,    24.9, ,    22.6, ,    32.7, ,     4.0, ,     2.1, ,    13.3, ,    16.9, ,    27.1, ,    57.9, ,    56.6, ,    38.0, ,    51.1, ,   347.1, ,    94.9, ,    38.7, ,    57.3, ,   152.5, ,
1939,    17.1, ,    25.4, ,    16.3, ,    17.2, ,    87.3, ,    50.5, ,   133.6, ,    10.8, ,    40.3, ,    73.7, ,    52.3, ,    73.6, ,   598.2, ,    93.7, ,   120.8, ,   194.9, ,   166.3, ,
1940,    47.7, ,    16.7, ,    15.7, ,    24.8, ,     8.0, ,    29.4, ,    84.3, ,    79.1, ,    11.7, ,    52.7, ,    29.1, ,    50.8, ,   449.9, ,   138.0, ,    48.5, ,   192.7, ,    93.5, ,
1941,    45.5, ,    12.7, ,    15.8, ,    17.1, ,    50.3, ,    74.5, ,    45.1, ,    39.3, ,    99.4, ,    64.3, ,    67.9, ,    60.9, ,   592.8, ,   109.0, ,    83.1, ,   158.9, ,   231.6, ,
1942,    22.1, ,     9.2, ,     7.7, ,    35.5, ,    81.5, ,    63.9, ,    67.7, ,    41.6, ,    36.2, ,    62.7, ,    52.1, ,    45.9, ,   526.1, ,    92.1, ,   124.8, ,   173.1, ,   151.0, ,
1943,    34.2, ,    20.9, ,    14.1, ,    65.5, ,    46.8, ,    97.6, ,    79.9, ,    58.7, ,    23.4, ,    42.3, ,    17.1, ,    18.7, ,   519.2, ,   101.0, ,   126.4, ,   236.3, ,    82.9, ,
1944,    34.5, ,    41.6, ,    38.0, ,    48.6, ,    44.8, ,    38.8, ,    75.0, ,    33.5, ,   135.7, ,    42.5, ,    34.0, ,    31.1, ,   598.2, ,    94.8, ,   131.5, ,   147.3, ,   212.3, ,
1945,    42.4, ,    27.4, ,    30.5, ,    20.1, ,    36.3, ,    48.9, ,    95.5, ,    21.5, ,    33.1, ,    65.8, ,    93.6, ,    34.9, ,   550.1, ,   100.9, ,    86.9, ,   165.9, ,   192.5, ,
1946,    59.7, ,    10.0, ,    25.1, ,    30.3, ,    10.1, ,   122.4, ,    87.2, ,     6.9, ,    53.8, ,    34.2, ,    34.5, ,    68.0, ,   542.2, ,   104.6, ,    65.5, ,   216.5, ,   122.4, ,
1947,   181.7, ,    38.2, ,    19.1, ,    49.5, ,    35.4, ,   101.7, ,    69.2, ,    45.9, ,    47.4, ,    91.7, ,    33.4, ,    63.3, ,   776.7, ,   288.0, ,   104.0, ,   216.9, ,   172.5, ,
1948,    31.8, ,    15.9, ,     6.0, ,    12.5, ,   129.9, ,    11.3, ,    84.9, ,    50.9, ,    50.8, ,    29.1, ,    35.5, ,    37.1, ,   495.7, ,   111.0, ,   148.4, ,   147.2, ,   115.4, ,
1949,    48.7, ,    30.3, ,    10.7, ,    37.9, ,    27.0, ,    20.5, ,    49.3, ,    37.0, ,    40.5, ,    78.6, ,    57.0, ,    53.1, ,   490.7, ,   116.1, ,    75.6, ,   106.8, ,   176.1, ,
1950,    15.0, ,    31.5, ,    13.4, ,    23.9, ,    27.6, ,    19.9, ,    23.3, ,    54.7, ,    11.7, ,    34.0, ,    70.3, ,    38.0, ,   363.2, ,    99.6, ,    64.8, ,    97.9, ,   116.0, ,
1951,    15.5, ,    28.1, ,    31.4, ,     8.5, ,    64.5, ,    17.9, ,    56.5, ,    46.9, ,    28.3, ,   134.0, ,    52.5, ,    28.4, ,   512.4, ,    81.7, ,   104.3, ,   121.3, ,   214.8, ,
1952,    67.6, ,    23.9, ,    41.9, ,    38.7, ,     4.1, ,    72.1, ,    42.9, ,    32.4, ,    65.7, ,    26.5, ,    52.3, ,    71.1, ,   539.5, ,   119.9, ,    84.8, ,   147.5, ,   144.6, ,
1953,    51.8, ,    17.3, ,    15.7, ,    52.8, ,    32.0, ,    83.6, ,    88.2, ,    36.6, ,    51.3, ,    82.4, ,    70.7, ,    60.1, ,   642.4, ,   140.2, ,   100.5, ,   208.4, ,   204.3, ,
1954,    29.4, ,    51.9, ,    15.5, ,    10.5, ,    59.1, ,    45.1, ,    62.1, ,    54.1, ,    47.6, ,    48.5, ,    77.1, ,    40.9, ,   541.7, ,   141.4, ,    85.0, ,   161.3, ,   173.2, ,
1955,    43.1, ,    21.3, ,    40.4, ,    10.3, ,    14.5, ,    32.3, ,    79.1, ,    25.9, ,    35.5, ,    58.7, ,    57.3, ,    46.5, ,   465.1, ,   105.3, ,    65.3, ,   137.4, ,   151.6, ,
1956,    57.1, ,    45.2, ,    27.7, ,    11.8, ,     2.8, ,    48.6, ,    21.6, ,    32.9, ,    49.0, ,    80.1, ,    87.9, ,   169.7, ,   634.5, ,   148.9, ,    42.3, ,   103.2, ,   217.0, ,
1957,    21.5, ,    24.2, ,    24.5, ,    14.5, ,    64.0, ,    78.4, ,    59.7, ,   100.8, ,    32.8, ,    54.5, ,   112.9, ,    87.7, ,   675.6, ,   215.5, ,   103.0, ,   239.0, ,   200.2, ,
1958,    42.6, ,    51.1, ,    53.1, ,    16.2, ,     6.3, ,    42.8, ,    11.9, ,    44.5, ,   122.2, ,    40.7, ,    26.7, ,    69.4, ,   527.4, ,   181.3, ,    75.7, ,    99.2, ,   189.6, ,
1959,    74.3, ,    52.4, ,    26.0, ,    22.3, ,    48.1, ,    80.0, ,    34.6, ,    46.4, ,    64.2, ,    69.3, ,   105.4, ,    87.0, ,   710.0, ,   196.1, ,    96.3, ,   161.1, ,   238.9, ,
1960,    23.5, ,    22.3, ,    45.3, ,    27.6, ,    49.7, ,    39.9, ,    22.5, ,    74.8, ,    19.9, ,   113.9, ,    50.0, ,    46.9, ,   536.4, ,   132.8, ,   122.6, ,   137.2, ,   183.8, ,
1961,    52.2, ,    45.6, ,    20.6, ,    14.0, ,    77.9, ,    61.2, ,    40.7, ,    30.6, ,    71.7, ,   105.0, ,    70.2, ,    60.6, ,   650.4, ,   144.7, ,   112.5, ,   132.6, ,   247.0, ,
1962,   132.4, ,     8.6, ,     8.9, ,    23.7, ,    26.4, ,    48.6, ,    37.6, ,    63.4, ,    22.7, ,    79.5, ,    91.5, ,    63.6, ,   606.9, ,   201.5, ,    59.0, ,   149.6, ,   193.7, ,
1963,    27.0, ,    45.5, ,    17.4, ,    24.9, ,    10.8, ,    45.2, ,    82.0, ,    28.2, ,    56.1, ,    32.5, ,    88.1, ,    59.4, ,   516.9, ,   136.1, ,    53.1, ,   155.4, ,   176.6, ,
1964,    45.1, ,    40.3, ,    51.6, ,    22.6, ,    34.4, ,    77.2, ,   125.2, ,    52.0, ,    69.6, ,    56.9, ,    50.7, ,    40.0, ,   665.6, ,   144.8, ,   108.6, ,   254.4, ,   177.3, ,
1965,    96.5, ,    34.6, ,    10.0, ,    42.5, ,    32.0, ,    24.0, ,    43.1, ,    32.0, ,    56.6, ,   109.6, ,    35.9, ,    49.0, ,   565.7, ,   171.1, ,    84.6, ,    99.1, ,   202.1, ,
1966,   130.1, ,    32.3, ,    37.5, ,    14.2, ,    15.7, ,    33.5, ,    46.0, ,    99.7, ,    48.7, ,   119.2, ,    53.6, ,    59.2, ,   689.7, ,   211.3, ,    67.5, ,   179.2, ,   221.5, ,
1967,    51.8, ,    58.5, ,    24.3, ,    10.5, ,    45.2, ,     9.0, ,    45.4, ,    12.3, ,    50.4, ,    78.0, ,    30.5, ,    87.0, ,   502.8, ,   169.4, ,    80.0, ,    66.7, ,   158.9, ,
1968,   110.6, ,    38.8, ,    29.5, ,    38.3, ,    38.3, ,    30.3, ,    52.6, ,    72.9, ,    80.6, ,    72.6, ,    38.9, ,    37.8, ,   641.3, ,   236.3, ,   106.1, ,   155.8, ,   192.2, ,
1969,    25.4, ,    34.5, ,    27.0, ,    39.0, ,    10.3, ,    27.2, ,    20.0, ,    75.3, ,    90.2, ,    49.7, ,    68.5, ,    33.6, ,   500.6, ,    97.6, ,    76.3, ,   122.6, ,   208.3, ,
1970,    34.9, ,    13.3, ,    24.3, ,    14.0, ,    42.5, ,    12.4, ,    85.3, ,    23.0, ,    56.1, ,    28.8, ,    38.2, ,    29.2, ,   402.2, ,    81.9, ,    80.9, ,   120.8, ,   123.1, ,
1971,   115.6, ,    25.5, ,    19.8, ,    25.8, ,    22.5, ,    71.6, ,    38.2, ,    87.5, ,    44.2, ,    49.6, ,    65.2, ,    69.1, ,   634.6, ,   170.4, ,    68.1, ,   197.3, ,   159.0, ,
1972,    72.6, ,    74.5, ,    69.9, ,    28.2, ,     8.9, ,    80.5, ,    75.9, ,    26.2, ,    67.3, ,    78.6, ,   100.6, ,    94.9, ,   778.2, ,   216.3, ,   107.0, ,   182.6, ,   246.5, ,
1973,    92.5, ,    24.9, ,    17.4, ,     9.2, ,    33.2, ,    50.9, ,    26.7, ,    25.3, ,    76.5, ,    64.6, ,    36.1, ,    49.2, ,   506.5, ,   212.3, ,    59.7, ,   102.9, ,   177.3, ,
1974,   111.9, ,    36.7, ,    42.1, ,    19.1, ,    38.6, ,    42.0, ,    55.1, ,     3.8, ,    59.9, ,    96.0, ,    30.2, ,    70.0, ,   605.3, ,   197.7, ,    99.7, ,   100.9, ,   186.1, ,
1975,    60.6, ,    29.5, ,    21.9, ,    16.8, ,    45.5, ,    32.6, ,    25.6, ,    72.2, ,    34.2, ,    66.6, ,   105.0, ,    83.1, ,   593.5, ,   160.1, ,    84.2, ,   130.3, ,   205.8, ,
1976,    92.6, ,    32.8, ,    39.4, ,     7.6, ,    56.2, ,    67.2, ,    70.4, ,    48.3, ,    34.9, ,    70.6, ,    33.7, ,    71.8, ,   625.6, ,   208.5, ,   103.3, ,   185.9, ,   139.3, ,
1977,    51.2, ,    29.0, ,    35.3, ,    26.4, ,    36.7, ,    34.9, ,    70.5, ,    51.1, ,    68.5, ,    52.4, ,    61.3, ,    58.2, ,   575.6, ,   152.1, ,    98.4, ,   156.5, ,   182.2, ,
1978,    19.0, ,    28.2, ,    16.0, ,    29.7, ,    29.7, ,    27.2, ,    22.1, ,    99.8, ,    53.6, ,    83.6, ,    90.3, ,    40.3, ,   539.4, ,   105.5, ,    75.4, ,   149.0, ,   227.5, ,
1979,    52.5, ,    55.4, ,    18.4, ,    17.3, ,    61.6, ,    27.5, ,    50.1, ,    35.4, ,    61.9, , -9999.9,M, -9999.9,M,    55.4, , -9999.9,M,   148.1, ,    97.3, ,   113.0, , -9999.9,M,
1980,    49.6, ,    31.7, ,    19.7, ,    30.9, ,    39.9, ,    21.9, ,    47.3, ,    37.6, ,    67.8, ,    46.6, ,    80.9, ,   117.0, ,   590.8, ,   136.7, ,    90.5, ,   106.7, ,   195.3, ,
1981,    17.1, ,    26.6, ,    38.0, ,    41.3, ,    59.5, ,    64.2, ,    13.2, ,    53.0, ,    64.8, ,    76.4, ,    51.3, ,    33.0, ,   538.5, ,   160.7, ,   138.8, ,   130.4, ,   192.5, ,
1982,   133.3, ,    49.5, ,     9.8, ,    15.1, ,    27.1, ,    29.3, ,    57.5, ,    24.0, ,    48.2, ,    58.7, ,    30.7, ,    31.2, ,   514.4, ,   215.8, ,    52.1, ,   110.8, ,   137.6, ,
1983,    63.1, ,    22.1, ,    13.5, ,    16.5, ,    39.4, ,    87.8, ,    87.2, ,    39.3, ,    44.7, ,    44.7, ,    48.6, ,    22.1, ,   529.1, ,   116.4, ,    69.5, ,   214.3, ,   137.9, ,
1984,    51.9, ,    41.1, ,    23.9, ,    18.5, ,    72.3, ,    21.9, ,    34.9, ,    75.6, ,    76.0, ,    78.1, ,    50.8, ,    55.4, ,   600.3, ,   115.2, ,   114.6, ,   132.3, ,   204.9, ,
1985,    21.3, ,    55.6, ,    31.1, ,    28.9, ,    40.2, ,    84.7, ,    30.9, ,    36.6, ,    86.8, ,    81.4, ,    26.4, ,    10.2, ,   534.2, ,   132.3, ,   100.2, ,   152.2, ,   194.6, ,
1986,    47.0, ,    30.5, ,    34.5, ,    23.3, ,    44.1, ,    91.5, ,    20.8, ,    20.8, ,    67.9, ,    60.8, ,    81.9, ,    28.4, ,   551.5, ,    87.8, ,   101.9, ,   133.1, ,   210.6, ,
1987,    46.7, ,    23.0, ,    29.9, ,    11.6, ,    25.0, ,    27.4, ,    81.1, ,    46.6, ,    74.7, ,    65.0, ,    66.9, ,    34.6, ,   532.7, ,    98.1, ,    66.6, ,   155.1, ,   206.7, ,
1988,    54.1, ,    40.1, ,    11.7, ,    16.3, ,    73.2, ,    78.9, ,    41.1, ,    46.0, ,    87.4, ,    50.9, ,    46.8, ,    52.8, ,   599.3, ,   128.8, ,   101.1, ,   166.0, ,   185.1, ,
1989,    92.7, ,     5.4, ,    21.6, ,    31.1, ,    14.0, ,    14.5, ,    55.5, ,    48.8, ,    36.0, ,    36.7, ,   122.2, ,   105.1, ,   583.7, ,   150.9, ,    66.8, ,   118.8, ,   194.9, ,
1990,    95.0, ,    36.8, ,    34.5, ,    15.8, ,    43.5, ,    79.4, ,    31.8, ,    33.4, ,     9.0, ,    82.4, ,    72.6, ,    83.1, ,   617.4, ,   236.9, ,    93.8, ,   144.6, ,   164.1, ,
1991,    22.8, ,    32.0, ,    21.1, ,    18.0, ,    20.2, ,    32.3, ,    36.7, ,    41.1, ,    17.0, ,   194.1, ,    85.5, ,   110.4, ,   631.2, ,   137.9, ,    59.3, ,   110.1, ,   296.6, ,
1992,    52.2, ,    59.5, ,     9.0, ,    27.1, ,    21.3, ,    24.9, ,     9.6, ,    25.9, ,   127.6, ,    77.6, ,    54.3, ,    93.8, ,   582.8, ,   222.0, ,    57.4, ,    60.4, ,   259.5, ,
1993,    24.4, ,    11.3, ,    14.1, ,    69.8, ,    78.2, ,   132.6, ,    85.1, ,    41.8, ,    19.6, ,    30.3, ,   103.1, ,    42.2, ,   652.6, ,   129.5, ,   162.1, ,   259.6, ,   153.0, ,
1994,   101.7, ,    43.7, ,    22.8, ,    58.2, ,    32.8, ,    61.7, ,    31.7, ,    70.7, ,    63.7, ,    45.9, ,    52.2, ,    40.7, ,   625.7, ,   187.6, ,   113.8, ,   164.1, ,   161.8, ,
1995,    21.3, ,    27.8, ,    23.6, , -9999.9,M, -9999.9,M, -9999.9,M, -9999.9,M, -9999.9,M, -9999.9,M, -9999.9,M, -9999.9,M, -9999.9,M, -9999.9,M,    89.7, , -9999.9,M, -9999.9,M, -9999.9,M,
1996,   104.5, ,    21.8, ,    15.2, ,    44.5, ,    46.6, ,    34.1, ,    69.4, ,    33.5, ,    37.9, ,    76.2, ,   132.6, ,    59.3, ,   675.3, , -9999.9,M,   106.2, ,   137.0, ,   246.6, ,
1997,    69.8, ,    19.1, ,    30.0, ,    31.9, ,    31.6, ,    96.1, ,   104.0, ,    50.7, ,    59.0, ,    71.0, ,    34.9, ,    53.9, ,   652.1, ,   148.1, ,    93.6, ,   250.9, ,   164.9, ,
1998,    37.5, ,    17.7, ,    15.9, ,    12.6, ,    26.4, ,    26.0, ,    44.3, ,    48.3, ,    19.0, ,    77.5, ,    18.5, ,    98.6, ,   442.4, ,   109.2, ,    54.9, ,   118.6, ,   115.1, ,
1999,    40.2, ,    31.0, ,    14.6, ,    23.7, ,    69.3, ,    57.4, ,    56.3, ,   103.4, ,    48.9, ,    37.9, ,    36.2, ,    44.0, ,   563.0, ,   169.8, ,   107.6, ,   217.2, ,   123.0, ,
2000,    41.1, ,    14.9, ,    19.5, ,    21.5, ,    32.9, ,    42.9, ,    54.6, ,    32.1, ,    51.2, ,    88.2, ,    21.2, ,    53.7, ,   473.9, ,   100.0, ,    73.9, ,   129.7, ,   160.6, ,
2001,    41.5, ,    15.5, ,    23.7, ,     9.2, ,    59.8, ,    92.3, ,    31.0, ,    64.4, ,    61.1, ,    53.3, ,    84.8, ,    44.6, ,   581.2, ,   110.7, ,    92.8, ,   187.7, ,   199.2, ,
2002,    50.2, ,    26.2, ,    48.8, ,    45.0, ,    66.0, ,    53.8, ,    25.7, ,     7.6, ,   104.4, ,    36.1, ,    89.7, ,    20.9, ,   574.3, ,   120.9, ,   159.8, ,    87.0, ,   230.2, ,
2003,    53.6, ,    18.7, ,    53.1, ,    28.8, ,    23.3, ,    73.2, ,    59.0, ,    44.4, ,    57.8, ,    96.0, ,    25.6, ,    30.3, ,   563.8, ,    93.1, ,   105.3, ,   176.6, ,   179.4, ,
2004,    64.5, ,    11.4, ,    32.3, ,    27.1, ,    18.9, ,    77.4, ,    43.0, ,    68.4, ,    97.9, ,    59.6, ,   101.9, ,    54.9, ,   657.5, ,   106.2, ,    78.3, ,   188.9, ,   259.4, ,
2005,    49.1, ,    41.0, ,    39.2, ,    36.6, ,    25.8, ,    53.7, ,    84.3, ,    67.2, ,    35.7, ,    38.6, ,    38.0, ,    43.9, ,   553.0, ,   145.0, ,   101.5, ,   205.2, ,   112.3, ,
2006,    41.6, ,    11.0, ,    19.4, ,     7.9, ,    45.3, ,    52.8, ,    46.6, ,    20.5, ,    55.6, ,    95.9, ,    54.2, ,    51.6, ,   502.4, ,    96.5, ,    72.6, ,   119.9, ,   205.7, ,
2007,    68.3, ,    41.6, ,    30.4, ,    28.9, ,    47.5, ,    85.8, ,    66.0, ,    84.8, ,    32.8, ,    86.4, ,    45.6, ,    48.4, ,   666.5, ,   161.5, ,   106.8, ,   236.6, ,   164.7, ,
2008,    34.8, ,    43.4, ,    24.7, ,     5.5, ,    29.9, ,    36.6, ,    42.9, ,    77.7, ,    52.3, ,    53.7, ,   100.8, ,    65.8, ,   568.1, ,   126.6, ,    60.1, ,   157.2, ,   206.9, ,
2009,    48.5, ,    27.0, ,    21.9, ,    42.9, ,    54.7, ,    37.9, ,    29.3, ,    15.0, ,    76.0, ,    80.7, ,    61.0, ,    23.6, ,   518.4, ,   141.2, ,   119.5, ,    82.2, ,   217.6, ,
2010,    43.5, ,    11.1, ,    19.6, ,    32.6, ,    59.8, ,    49.3, ,    11.5, ,    27.4, ,    71.5, ,    68.4, ,    31.5, ,    47.0, ,   473.0, ,    78.2, ,   111.9, ,    88.2, ,   171.4, ,
