1041050,BRITANNIA BEACH FURRY CR ,BC  ,station joined    , Monthly total of daily adjusted precipitation, mm, Updated to December 2010
1041050,BRITANNIA BEACH FURRY CR ,BC  ,station jointe    , Total mensuel des chutes de précipitations quotidiennes ajustées, mm, Mise à jour jusqu à décembre 2010
Year,     Jan, ,     Feb, ,     Mar, ,     Apr, ,     May, ,     Jun, ,     Jul, ,     Aug, ,     Sep, ,     Oct, ,     Nov, ,     Dec, ,  Annual, ,  Winter, ,  Spring, ,  Summer, ,  Autumn
An  ,    Janv, ,     Fév, ,    Mars, ,     Avr, ,     Mai, ,    Juin, ,    Juil, ,    Août, ,    Sept, ,     Oct, ,     Nov, ,     Déc, ,  Annuel, ,   Hiver, ,Printemp, ,     Eté, , Automne
1914,   447.4, ,   101.8, ,   177.6, ,   144.7, ,    40.8, ,    58.4, ,    13.8, ,    20.8, ,   221.3, ,   384.3, ,   399.2, ,    66.9, ,  2077.0, , -9999.9,M,   363.2, ,    93.0, ,  1004.9, ,
1915,   209.8, ,   184.8, ,   139.6, ,   155.2, ,   121.4, ,    38.0, ,    45.2, ,    14.9, ,    45.2, ,   389.4, ,   192.1, ,   414.5, ,  1949.9, ,   461.5, ,   416.2, ,    98.0, ,   626.7, ,
1916,   165.5, ,   248.1, ,   398.5, ,   170.5, ,    45.9, ,    60.8, ,   143.3, ,    14.9, ,    39.7, ,   103.0, ,   223.3, ,    98.5, ,  1712.0, ,   828.1, ,   614.9, ,   219.0, ,   366.1, ,
1917,   175.0, ,   149.0, ,   169.1, ,   205.7, ,    50.5, ,   136.9, ,    62.7, ,    37.3, ,   115.5, ,   130.3, ,   270.1, ,   277.8, ,  1779.8, ,   422.4, ,   425.3, ,   236.8, ,   515.9, ,
1918, -9999.9,M,   349.3, ,   302.5, ,    49.3, ,    53.6, ,    65.5, ,    69.1, ,    77.7, ,     6.0, ,   265.0, ,   237.8, ,   315.5, , -9999.9,M, -9999.9,M,   405.4, ,   212.3, ,   508.8, ,
1919,   330.6, ,   196.4, ,   187.4, ,   209.0, ,   167.1, ,    78.4, ,    41.2, ,    11.9, ,    28.1, ,    47.4, ,   387.1, ,   359.0, ,  2043.5, ,   842.5, ,   563.4, ,   131.5, ,   462.6, ,
1920,   315.3, ,    54.2, ,   241.0, ,    78.7, ,    96.1, ,   130.7, ,    17.3, ,    98.0, ,   396.5, ,   310.5, ,   340.9, ,   384.8, ,  2464.2, ,   728.5, ,   415.8, ,   246.1, ,  1048.0, ,
1921,   363.1, ,   222.4, ,    93.0, ,   143.7, ,    82.2, ,   143.7, ,    18.8, ,   132.9, ,   323.6, ,   486.7, ,   308.2, ,   251.8, ,  2570.1, ,   970.4, ,   319.0, ,   295.4, ,  1118.4, ,
1922,   106.0, ,   179.4, ,   172.8, ,   115.3, ,   104.2, ,    26.2, ,     3.3, ,   114.9, ,   276.5, ,   125.8, ,   125.9, ,   377.4, ,  1727.7, ,   537.1, ,   392.3, ,   144.4, ,   528.2, ,
1923,   337.7, ,   108.8, ,   129.8, ,    68.5, ,   124.3, ,    72.7, ,    46.4, ,    24.0, ,   115.5, ,   107.6, ,   228.2, ,   570.6, ,  1934.1, ,   823.9, ,   322.6, ,   143.0, ,   451.3, ,
1924,   304.0, ,   378.1, ,    37.5, ,   117.4, ,    19.5, ,    64.1, ,    31.3, ,    31.2, ,   298.1, ,   396.2, ,   282.3, ,   395.6, ,  2355.3, ,  1252.7, ,   174.4, ,   126.6, ,   976.6, ,
1925,   360.3, ,   336.9, ,   170.3, ,    99.4, ,    78.4, ,    29.9, ,    35.9, ,   140.6, ,    12.3, ,    65.5, ,   319.1, ,   340.2, ,  1988.9, ,  1092.9, ,   348.1, ,   206.4, ,   396.9, ,
1926,   160.8, ,   244.9, ,    83.6, ,   116.9, ,   151.4, ,    19.1, ,    15.9, ,    88.9, ,    70.1, ,   328.9, ,   254.1, ,   282.9, ,  1817.5, ,   745.9, ,   351.9, ,   123.9, ,   653.1, ,
1927,   256.7, ,   176.7, ,   209.4, ,   124.0, ,   203.9, ,    46.9, ,    32.7, ,    85.1, ,   145.7, ,   313.3, ,   225.1, ,   137.6, ,  1957.0, ,   716.2, ,   537.2, ,   164.8, ,   684.1, ,
1928,   316.8, ,    89.6, ,   301.1, ,   121.1, ,   101.0, ,    46.9, ,    32.7, ,    20.9, ,    86.2, ,   266.4, ,   286.7, ,   236.6, ,  1906.0, ,   544.1, ,   523.2, ,   100.5, ,   639.3, ,
1929,    45.6, ,    31.1, ,   166.9, ,   113.4, ,    55.1, ,   138.6, ,    87.3, ,    66.0, ,    32.3, ,   203.7, ,    68.3, ,   346.3, ,  1354.6, ,   313.3, ,   335.4, ,   291.9, ,   304.3, ,
1930,    62.2, ,   386.9, ,   143.7, ,   194.1, ,   111.9, ,   149.5, ,    45.4, ,    13.7, ,   105.6, ,   195.9, ,   111.6, ,   186.3, ,  1706.8, ,   795.4, ,   449.7, ,   208.6, ,   413.1, ,
1931,   380.5, ,   178.5, ,   214.0, ,   182.2, ,    46.1, ,   134.0, ,    14.1, ,     2.2, ,   243.6, ,   276.4, ,   297.5, ,   399.4, ,  2368.6, ,   745.3, ,   442.3, ,   150.3, ,   817.5, ,
1932,   217.7, ,   322.4, ,   286.7, ,   155.4, ,    74.7, ,    60.4, ,   167.1, ,    37.8, ,    58.9, ,   185.0, ,   363.0, ,   285.0, ,  2214.2, ,   939.6, ,   516.8, ,   265.3, ,   607.0, ,
1933,   329.6, ,   223.8, ,   228.2, ,    49.9, ,   145.8, ,    90.5, ,    35.5, ,    24.2, ,   291.3, ,   271.6, ,   162.0, ,   448.3, ,  2300.6, ,   838.4, ,   423.9, ,   150.2, ,   724.8, ,
1934,   411.6, ,   202.0, ,   210.5, ,    66.8, ,   122.1, ,    22.4, ,   114.8, ,    50.8, ,   112.6, ,   267.3, ,   435.3, ,   365.9, ,  2382.2, ,  1061.8, ,   399.4, ,   188.0, ,   815.2, ,
1935,   487.3, ,   166.9, ,   234.2, ,    80.1, ,    20.4, ,    52.7, ,    42.3, ,    36.9, ,   104.9, ,   232.2, ,   193.1, ,   286.4, ,  1937.5, ,  1020.1, ,   334.7, ,   132.0, ,   530.2, ,
1936,   231.2, ,   115.9, ,   239.4, ,   144.1, ,   119.4, ,   151.4, ,    91.0, ,    52.4, ,   141.2, ,   134.7, ,    81.5, ,   378.5, ,  1880.7, ,   633.5, ,   502.9, ,   294.8, ,   357.4, ,
1937,    47.8, ,   279.6, ,   121.3, ,   273.3, ,   149.3, ,   169.9, ,    34.8, ,   107.9, ,    80.5, ,   335.1, ,   317.7, ,   327.0, ,  2244.2, ,   705.9, ,   543.9, ,   312.7, ,   733.3, ,
1938,   149.8, ,   181.3, ,   231.0, ,    94.0, ,    56.7, ,    29.1, ,    17.3, ,    26.4, ,    74.7, ,   274.3, ,   247.9, ,   389.3, ,  1771.9, ,   658.1, ,   381.7, ,    72.9, ,   596.9, ,
1939,   323.3, ,   121.2, ,   118.5, ,    97.2, ,   147.7, ,    91.6, ,   118.5, ,    53.4, ,    58.7, ,   246.8, ,   575.2, ,   484.2, ,  2436.2, ,   833.7, ,   363.3, ,   263.5, ,   880.8, ,
1940,   243.3, ,   279.0, ,   284.4, ,    97.6, ,   118.5, ,    14.7, ,    59.2, ,    80.0, ,    96.4, ,   405.7, ,   155.6, ,   375.8, ,  2210.2, ,  1006.5, ,   500.4, ,   153.9, ,   657.7, ,
1941,   270.8, ,   167.4, ,   114.2, ,    94.0, ,   211.0, ,    64.9, ,    27.0, ,    91.2, ,   215.5, ,   375.9, ,   274.3, ,   325.3, ,  2231.5, ,   814.0, ,   419.2, ,   183.2, ,   865.7, ,
1942,   141.8, ,    75.0, ,   197.6, ,   155.9, ,    46.8, ,   146.9, ,    93.3, ,    13.6, ,    44.2, ,   192.5, ,   266.1, ,   289.4, ,  1662.9, ,   542.1, ,   400.3, ,   253.7, ,   502.9, ,
1943,   154.6, ,   161.8, ,   160.0, ,   218.6, ,    88.0, ,    55.8, ,    49.4, ,    70.7, ,    52.4, ,   237.1, ,   111.0, ,   195.8, ,  1555.1, ,   605.8, ,   466.6, ,   175.8, ,   400.4, ,
1944,   290.3, ,    91.4, ,   173.9, ,   146.7, ,    57.4, ,    32.0, ,    42.4, ,    22.7, ,   143.4, ,   328.0, ,   377.0, ,   117.4, ,  1822.7, ,   577.6, ,   378.0, ,    97.1, ,   848.4, ,
1945,   308.3, ,   222.5, ,   330.2, ,   129.0, ,   115.1, ,    46.2, ,    50.3, ,    25.5, ,   105.1, ,   204.0, ,   319.4, ,   305.0, ,  2160.5, ,   648.3, ,   574.3, ,   122.0, ,   628.4, ,
1946,   304.5, ,   279.1, ,   311.1, ,   260.5, ,    10.0, ,   153.3, ,    67.5, ,    33.3, ,    85.5, ,   163.4, ,   184.2, ,   376.0, ,  2228.6, ,   888.7, ,   581.6, ,   254.0, ,   433.2, ,
1947,   364.5, ,   263.2, ,   145.8, ,   175.8, ,    70.7, ,    88.3, ,   137.3, ,    40.7, ,    68.2, ,   409.9, ,   107.3, ,   433.7, ,  2305.4, ,  1003.7, ,   392.3, ,   266.3, ,   585.4, ,
1948,   199.7, ,   252.3, ,   111.2, ,   153.7, ,   194.7, ,    29.9, ,    86.4, ,    97.9, ,   181.1, ,   195.1, ,   360.4, ,   259.2, ,  2121.5, ,   885.7, ,   459.6, ,   214.3, ,   736.5, ,
1949,    41.1, ,   267.9, ,   122.5, ,   122.1, ,    80.0, ,    46.0, ,    90.1, ,   109.1, ,    82.7, ,   195.4, ,   420.6, ,   234.9, ,  1812.4, ,   568.2, ,   324.6, ,   245.2, ,   698.7, ,
1950,   188.6, ,   345.9, ,   271.4, ,   207.0, ,   110.7, ,    33.6, ,    46.1, ,    99.7, ,    76.3, ,   462.9, ,   220.6, ,   380.1, ,  2443.0, ,   769.4, ,   589.1, ,   179.4, ,   759.9, ,
1951,   357.9, ,   284.0, ,   190.2, ,    50.0, ,   105.5, ,    24.9, ,    26.6, ,     7.4, ,   151.9, ,   231.7, ,   333.8, ,   149.5, ,  1913.3, ,  1022.0, ,   345.6, ,    58.9, ,   717.4, ,
1952,   314.6, ,   217.8, ,   116.2, ,   127.6, ,   100.0, ,   146.5, ,    17.5, ,    51.7, ,    71.7, ,    98.9, ,   205.2, ,   303.8, ,  1771.5, ,   682.0, ,   343.8, ,   215.7, ,   375.8, ,
1953,   512.2, ,   129.0, ,   208.5, ,   100.0, ,    83.6, ,    48.4, ,    51.1, ,    94.6, ,   177.7, ,   284.9, ,   437.5, ,   339.2, ,  2466.6, ,   945.0, ,   392.1, ,   194.1, ,   900.1, ,
1954,   293.8, ,   288.9, ,    92.0, ,   153.1, ,    81.1, ,    97.3, ,    68.1, ,   111.4, ,   118.7, ,   198.6, ,   538.0, ,   374.4, ,  2415.4, ,   921.9, ,   326.2, ,   276.8, ,   855.3, ,
1955,   141.1, ,   108.7, ,   161.4, ,   191.7, ,   156.5, ,    60.5, ,    81.6, ,    29.1, ,    74.6, ,   333.1, ,   367.9, ,   241.0, ,  1947.3, ,   624.2, ,   509.7, ,   171.2, ,   775.6, ,
1956,   256.3, ,   223.8, ,   259.0, ,    40.3, ,    21.7, ,   249.1, ,    30.3, ,    53.6, ,   160.0, ,   315.9, ,   147.5, ,   344.8, ,  2102.3, ,   721.1, ,   321.0, ,   333.0, ,   623.4, ,
1957,   105.9, ,   145.3, ,   210.5, ,   130.1, ,    54.6, ,   107.0, ,   130.4, ,    87.7, ,   114.0, ,   132.1, ,   122.3, ,   438.7, ,  1778.6, ,   595.9, ,   395.2, ,   325.1, ,   368.4, ,
1958,   416.7, ,   274.7, ,   110.7, ,   140.9, ,    32.6, ,    33.0, ,     2.8, ,    92.3, ,   170.8, ,   259.7, ,   326.2, ,   393.0, ,  2253.3, ,  1130.1, ,   284.2, ,   128.1, ,   756.6, ,
1959,   291.4, ,   143.8, ,   256.0, ,   274.5, ,    67.0, ,   138.8, ,    46.4, ,    68.5, ,   224.0, ,   185.2, ,   272.9, ,   272.0, ,  2240.6, ,   828.2, ,   597.5, ,   253.8, ,   682.1, ,
1960,   207.5, ,   197.5, ,   207.9, ,   238.7, ,   208.9, ,    40.1, ,     0.7, ,   175.8, ,   105.0, ,   348.2, ,   205.8, ,   234.5, ,  2170.6, ,   677.1, ,   655.4, ,   216.6, ,   659.0, ,
1961,   443.1, ,   472.0, ,   287.3, ,   105.8, ,   116.2, ,    76.8, ,    26.3, ,   123.6, ,   106.0, ,   346.0, ,   314.3, ,   313.3, ,  2730.7, ,  1149.6, ,   509.4, ,   226.7, ,   766.4, ,
1962,   265.0, ,    96.5, ,    81.8, ,   256.8, ,    76.4, ,    98.2, ,    40.2, ,   198.9, ,   158.8, ,   267.0, ,   442.8, ,   443.3, ,  2425.6, ,   674.8, ,   415.0, ,   337.3, ,   868.5, ,
1963,    68.9, ,   289.4, ,   170.2, ,   155.6, ,    71.3, ,    60.9, ,   116.8, ,    13.8, ,    57.2, ,   433.5, ,   461.1, ,   440.1, ,  2338.8, ,   801.5, ,   397.1, ,   191.5, ,   951.8, ,
1964,   368.7, ,   147.3, ,   218.7, ,   178.1, ,   166.2, ,   113.3, ,   119.5, ,   125.0, ,   218.7, , -9999.9,M, -9999.9,M, -9999.9,M, -9999.9,M,   956.0, ,   563.0, ,   357.7, , -9999.9,M,
1965, -9999.9,M,   309.5, ,    82.1, ,    83.1, ,   112.3, ,    30.4, ,    22.6, ,    88.1, ,    21.5, ,   477.3, ,   295.4, ,   393.7, , -9999.9,M, -9999.9,M,   277.4, ,   141.1, ,   794.2, ,
1966,   329.5, ,   157.8, ,   264.0, ,    62.3, ,   102.2, ,   130.6, ,    65.0, ,    47.4, ,   110.3, ,   316.4, ,   414.4, ,   617.0, ,  2616.8, ,   880.9, ,   428.5, ,   243.0, ,   841.1, ,
1967,   395.8, ,   288.9, ,   225.1, ,    78.6, ,    76.0, ,    19.7, ,    40.7, ,    11.8, ,   151.1, ,   596.2, ,   144.3, ,   323.6, ,  2351.7, ,  1301.7, ,   379.6, ,    72.2, ,   891.5, ,
1968,   507.5, ,   183.5, ,   354.7, ,   161.3, ,    90.2, ,   121.3, ,    81.1, ,    73.2, ,   154.3, ,   476.8, ,   330.3, ,   368.1, ,  2902.4, ,  1014.7, ,   606.2, ,   275.7, ,   961.4, ,
1969,   248.9, ,   176.1, ,   199.0, ,   239.1, ,    90.3, ,    31.8, ,    74.3, ,    89.9, ,   308.0, ,   198.7, ,   234.1, ,   254.2, ,  2144.5, ,   793.0, ,   528.4, ,   196.1, ,   740.8, ,
1970,   212.1, ,    66.3, ,   147.3, ,   221.7, ,    57.1, ,    38.3, ,    59.0, ,    23.8, ,   168.5, ,   197.5, ,   242.5, ,   298.2, ,  1732.2, ,   532.6, ,   426.1, ,   121.1, ,   608.5, ,
1971,   374.9, ,   294.8, ,   271.7, ,    94.0, ,    58.8, ,   131.1, ,    39.4, ,   124.0, ,   147.2, ,   310.1, ,   336.6, ,   218.9, ,  2401.5, ,   967.9, ,   424.5, ,   294.5, ,   793.9, ,
1972,   205.0, ,   331.5, ,   363.7, ,   232.4, ,    83.6, ,    74.1, ,   146.5, ,    79.5, ,   197.5, ,    49.9, ,   303.1, ,   466.9, ,  2533.5, ,   755.5, ,   679.7, ,   300.0, ,   550.4, ,
1973,   420.5, ,   169.5, ,   159.9, ,    54.7, ,   147.4, ,   146.2, ,    46.3, ,    35.9, ,    63.0, ,   310.0, ,   331.7, ,   460.1, ,  2345.2, ,  1056.9, ,   362.0, ,   228.4, ,   704.7, ,
1974,   426.7, ,   363.9, ,   376.0, ,   146.3, ,   206.3, ,    71.4, ,   105.8, ,     9.6, ,    68.3, ,   101.4, ,   364.3, ,   385.0, ,  2624.9, ,  1250.6, ,   728.6, ,   186.8, ,   534.0, ,
1975,   236.4, ,   171.0, ,   187.1, ,    65.6, ,    96.3, ,    60.0, ,    35.1, ,   171.0, ,     5.3, ,   561.5, ,   498.0, ,   394.8, ,  2482.0, ,   792.3, ,   349.0, ,   266.1, ,  1064.8, ,
1976,   284.3, ,   306.0, ,   255.2, ,   102.8, ,   154.9, ,    80.8, ,    80.9, ,   114.7, ,   137.5, ,   166.6, ,   132.3, ,   296.2, ,  2112.3, ,   985.2, ,   512.9, ,   276.4, ,   436.4, ,
1977,   130.1, ,   219.0, ,   197.2, ,   114.2, ,   143.8, ,    57.1, ,    73.2, ,    61.4, ,   153.9, ,   264.7, ,   321.2, ,   221.4, ,  1957.2, ,   645.4, ,   455.2, ,   191.6, ,   739.8, ,
1978,   149.0, ,   136.8, ,   188.1, ,    88.7, ,   115.0, ,    69.2, ,    24.9, ,   171.1, ,   211.5, ,    95.1, ,   166.2, ,   218.5, ,  1634.1, ,   507.2, ,   391.7, ,   265.2, ,   472.9, ,
1979,    78.5, ,   335.7, ,   114.6, ,   128.0, ,    97.2, ,    78.1, ,    74.2, ,    54.3, ,   209.3, ,   210.1, ,   112.3, ,   493.9, ,  1986.2, ,   632.7, ,   339.8, ,   206.5, ,   531.7, ,
1980,   146.6, ,   312.0, ,   177.6, ,   186.3, ,    78.7, ,    89.1, ,    61.3, ,    63.0, ,   179.2, ,   101.0, ,   517.0, ,   324.5, ,  2236.3, ,   952.5, ,   442.6, ,   213.4, ,   797.2, ,
1981,   144.7, ,   226.6, ,   178.1, ,   269.9, , -9999.9,M,   149.1, ,    34.6, ,    57.5, ,   186.0, ,   413.3, ,   295.7, ,   234.0, , -9999.9,M,   695.8, , -9999.9,M,   241.2, ,   894.9, ,
1982,   226.6, ,   406.8, ,   102.9, ,   157.4, ,    40.0, , -9999.9,M, -9999.9,M, -9999.9,M, -9999.9,M, -9999.9,M, -9999.9,M,   298.7, , -9999.9,M,   867.4, ,   300.4, , -9999.9,M, -9999.9,M,
1983,   388.3, ,   474.7, , -9999.9,M,    53.3, ,    50.5, ,   148.9, ,   150.3, ,    45.5, ,   120.0, ,   183.1, ,   520.8, ,   109.1, , -9999.9,M,  1161.7, , -9999.9,M,   344.7, ,   823.9, ,
1984,   324.5, ,   322.2, ,   185.1, ,   209.1, ,   202.3, ,   117.0, ,    25.4, ,    60.5, ,   151.7, ,   388.1, ,   408.5, ,   231.6, ,  2626.1, ,   755.8, ,   596.6, ,   202.8, ,   948.4, ,
1985,    45.1, ,   144.6, ,   131.4, ,   179.0, ,    79.2, ,    54.2, ,     0.3, ,    39.7, ,    81.0, ,   482.4, ,    88.7, ,   114.7, ,  1440.2, ,   421.3, ,   389.6, ,    94.2, ,   652.2, ,
1986,   392.0, ,   241.8, ,   302.9, ,   127.6, ,   221.2, ,    63.4, ,    65.0, , -9999.9,M,    83.6, ,    98.0, ,   344.8, ,   319.4, , -9999.9,M,   748.5, ,   651.8, , -9999.9,M,   526.4, ,
1987,   390.1, ,   132.5, ,   287.4, ,   173.4, ,   189.3, ,    75.9, ,   115.1, ,     2.9, ,    60.1, ,    53.7, ,   265.1, ,   326.1, ,  2071.5, ,   841.9, ,   650.0, ,   193.9, ,   379.0, ,
1988,   195.8, ,   195.1, ,   257.0, ,   177.5, ,   169.7, ,    84.4, ,    49.3, ,    22.0, ,    93.2, ,   196.0, ,   390.0, ,   223.4, ,  2053.4, ,   716.9, ,   604.2, ,   155.7, ,   679.2, ,
1989,   296.3, ,    85.8, ,   193.8, ,   109.3, ,    70.0, ,    85.1, ,    46.7, ,    47.4, ,    21.3, ,   328.9, ,   385.4, ,   195.7, ,  1865.7, ,   605.5, ,   373.1, ,   179.2, ,   735.6, ,
1990,   362.5, ,   317.7, ,   154.6, ,    87.9, ,    65.5, ,   121.9, ,    26.7, ,    50.9, ,    31.7, ,   285.9, ,   659.9, ,   325.0, ,  2490.4, ,   875.9, ,   308.1, ,   199.6, ,   977.5, ,
1991,   226.6, ,   320.4, ,   113.2, ,   185.6, ,    81.9, ,    78.6, ,    47.4, ,   257.0, ,     4.6, ,    29.3, ,   374.1, ,   299.6, ,  2018.4, ,   872.1, ,   380.6, ,   383.1, ,   408.1, ,
1992,   544.5, ,   160.4, ,    44.7, ,   243.1, ,    30.3, ,    78.1, ,    73.2, ,    56.2, ,    80.9, ,   319.7, , -9999.9,M, -9999.9,M, -9999.9,M,  1004.6, ,   318.1, ,   207.5, , -9999.9,M,
1993, -9999.9,M, -9999.9,M, -9999.9,M, -9999.9,M, -9999.9,M,    68.8, ,    85.5, ,    26.0, ,    19.3, ,   123.1, ,   217.2, , -9999.9,M, -9999.9,M, -9999.9,M, -9999.9,M,   180.3, ,   359.6, ,
1994,   225.0, ,   411.8, ,   181.1, ,    90.4, ,    59.6, ,   115.4, ,    19.0, ,    60.8, ,    80.5, ,   175.7, ,   361.3, ,   373.9, ,  2154.6, , -9999.9,M,   331.1, ,   195.1, ,   617.6, ,
1995,   276.5, ,   212.9, ,   220.7, ,   125.7, ,    45.1, ,    65.2, ,   104.0, ,   113.1, ,    50.6, ,   329.2, ,   567.4, ,   379.4, ,  2489.9, ,   863.3, ,   391.6, ,   282.3, ,   947.2, ,
1996,   334.5, ,   203.5, ,   125.6, ,   304.5, ,   165.2, ,    28.1, ,    45.4, ,    40.9, ,   135.4, ,   381.0, ,   269.6, , -9999.9,M, -9999.9,M,   917.4, ,   595.3, ,   114.4, ,   786.0, ,
1997,   306.3, ,   120.1, ,   383.8, ,   184.7, ,   159.9, ,   166.4, ,   101.0, ,    76.1, ,   236.4, ,   304.6, ,   305.6, ,   315.4, ,  2660.4, , -9999.9,M,   728.5, ,   343.5, ,   846.6, ,
1998,   351.2, ,   302.0, ,   137.9, ,    71.9, ,   108.8, ,    35.8, ,    67.7, ,    12.2, ,    16.8, ,   301.3, ,   474.2, , -9999.9,M, -9999.9,M,   968.6, ,   318.6, ,   115.8, ,   792.3, ,
1999,   389.8, ,   450.5, ,   290.5, ,    82.1, ,   162.5, ,    71.1, ,    73.9, ,    74.2, ,    56.4, ,   220.7, ,   402.5, , -9999.9,M, -9999.9,M, -9999.9,M,   535.2, ,   219.2, ,   679.6, ,
2000,   288.8, ,   116.3, ,   175.9, ,   156.0, , -9999.9,M, -9999.9,M, -9999.9,M, -9999.9,M, -9999.9,M, -9999.9,M, -9999.9,M, -9999.9,M, -9999.9,M, -9999.9,M, -9999.9,M, -9999.9,M, -9999.9,M,
2001, -9999.9,M, -9999.9,M, -9999.9,M, -9999.9,M, -9999.9,M, -9999.9,M, -9999.9,M, -9999.9,M, -9999.9,M, -9999.9,M, -9999.9,M, -9999.9,M, -9999.9,M, -9999.9,M, -9999.9,M, -9999.9,M, -9999.9,M,
2002, -9999.9,M, -9999.9,M, -9999.9,M, -9999.9,M, -9999.9,M, -9999.9,M, -9999.9,M, -9999.9,M, -9999.9,M, -9999.9,M, -9999.9,M, -9999.9,M, -9999.9,M, -9999.9,M, -9999.9,M, -9999.9,M, -9999.9,M,
2003, -9999.9,M, -9999.9,M, -9999.9,M, -9999.9,M, -9999.9,M, -9999.9,M, -9999.9,M, -9999.9,M, -9999.9,M, -9999.9,M, -9999.9,M, -9999.9,M, -9999.9,M, -9999.9,M, -9999.9,M, -9999.9,M, -9999.9,M,
2004, -9999.9,M, -9999.9,M, -9999.9,M, -9999.9,M, -9999.9,M, -9999.9,M, -9999.9,M, -9999.9,M, -9999.9,M, -9999.9,M, -9999.9,M, -9999.9,M, -9999.9,M, -9999.9,M, -9999.9,M, -9999.9,M, -9999.9,M,
2005, -9999.9,M, -9999.9,M, -9999.9,M, -9999.9,M, -9999.9,M, -9999.9,M, -9999.9,M, -9999.9,M, -9999.9,M, -9999.9,M, -9999.9,M, -9999.9,M, -9999.9,M, -9999.9,M, -9999.9,M, -9999.9,M, -9999.9,M,
2006, -9999.9,M, -9999.9,M, -9999.9,M, -9999.9,M, -9999.9,M, -9999.9,M, -9999.9,M, -9999.9,M, -9999.9,M, -9999.9,M, -9999.9,M, -9999.9,M, -9999.9,M, -9999.9,M, -9999.9,M, -9999.9,M, -9999.9,M,
2007, -9999.9,M, -9999.9,M, -9999.9,M, -9999.9,M, -9999.9,M, -9999.9,M, -9999.9,M, -9999.9,M, -9999.9,M, -9999.9,M, -9999.9,M, -9999.9,M, -9999.9,M, -9999.9,M, -9999.9,M, -9999.9,M, -9999.9,M,
2008, -9999.9,M, -9999.9,M, -9999.9,M, -9999.9,M, -9999.9,M, -9999.9,M, -9999.9,M, -9999.9,M, -9999.9,M, -9999.9,M, -9999.9,M, -9999.9,M, -9999.9,M, -9999.9,M, -9999.9,M, -9999.9,M, -9999.9,M,
2009, -9999.9,M, -9999.9,M, -9999.9,M, -9999.9,M, -9999.9,M, -9999.9,M, -9999.9,M, -9999.9,M, -9999.9,M, -9999.9,M, -9999.9,M, -9999.9,M, -9999.9,M, -9999.9,M, -9999.9,M, -9999.9,M, -9999.9,M,
2010, -9999.9,M, -9999.9,M, -9999.9,M, -9999.9,M, -9999.9,M, -9999.9,M, -9999.9,M, -9999.9,M, -9999.9,M, -9999.9,M, -9999.9,M, -9999.9,M, -9999.9,M, -9999.9,M, -9999.9,M, -9999.9,M, -9999.9,M,
