1062544,DRYAD POINT              ,BC  ,station joined    , Monthly total of daily adjusted precipitation, mm, Updated to December 2011
1062544,DRYAD POINT              ,BC  ,station jointe    , Total mensuel des chutes de précipitations quotidiennes ajustées, mm, Mise à jour jusqu à décembre 2011
Year,     Jan, ,     Feb, ,     Mar, ,     Apr, ,     May, ,     Jun, ,     Jul, ,     Aug, ,     Sep, ,     Oct, ,     Nov, ,     Dec, ,  Annual, ,  Winter, ,  Spring, ,  Summer, ,  Autumn
An  ,    Janv, ,     Fév, ,    Mars, ,     Avr, ,     Mai, ,    Juin, ,    Juil, ,    Août, ,    Sept, ,     Oct, ,     Nov, ,     Déc, ,  Annuel, ,   Hiver, ,Printemp, ,     Eté, , Automne
1933, -9999.9,M, -9999.9,M, -9999.9,M,   107.4, ,   134.0, ,   177.6, ,   137.0, ,    48.4, ,   369.4, ,   412.5, ,   494.4, ,   390.9, , -9999.9,M, -9999.9,M, -9999.9,M,   363.0, ,  1276.2, ,
1934,   643.8, ,   132.1, ,   216.1, ,   111.6, ,   181.7, ,   141.5, ,   218.5, ,    58.0, ,   286.5, ,   362.4, ,   394.2, ,   292.0, ,  3038.4, ,  1166.7, ,   509.4, ,   418.1, ,  1043.1, ,
1935,   272.9, ,    93.3, ,   288.1, ,    70.3, ,    92.4, ,   235.0, , -9999.9,M,   144.1, ,   117.3, ,   239.6, ,   277.4, ,   236.9, , -9999.9,M,   658.2, ,   450.8, , -9999.9,M,   634.3, ,
1936,   167.2, ,    97.1, ,   327.3, ,   202.3, ,   203.3, ,   157.1, ,   213.4, ,   137.3, ,   289.0, ,   252.2, ,   480.3, ,   283.3, ,  2809.7, ,   501.2, ,   732.9, ,   507.8, ,  1021.5, ,
1937,    87.0, ,   257.6, ,   107.5, ,   315.5, ,   179.2, ,   181.7, ,   100.4, ,   334.4, ,    83.9, ,   219.2, ,   253.3, ,   411.6, ,  2531.6, ,   627.9, ,   602.3, ,   616.6, ,   556.5, ,
1938,   255.7, ,    61.9, ,   377.6, ,   173.3, ,   130.8, ,    93.1, ,   127.1, ,   110.3, ,   161.3, ,   294.0, ,   321.0, ,   445.1, ,  2551.1, ,   729.2, ,   681.7, ,   330.5, ,   776.3, ,
1939,   388.0, ,   201.4, ,   392.0, ,   278.8, ,   207.2, ,   105.0, ,   118.7, ,   125.6, ,   211.3, ,   284.5, ,   664.2, ,   467.4, ,  3444.1, ,  1034.5, ,   878.1, ,   349.2, ,  1160.0, ,
1940,   129.5, ,   179.8, ,   299.1, ,   228.2, ,   160.3, ,   152.0, ,   162.9, ,   372.6, ,    80.5, ,   414.9, ,   256.6, ,   333.7, ,  2770.2, ,   776.7, ,   687.6, ,   687.6, ,   752.0, ,
1941,   353.1, ,   206.9, ,   172.7, ,   110.3, ,   183.5, ,    95.8, ,   101.5, ,   135.7, ,   256.0, ,   358.8, ,   483.1, ,   253.4, ,  2710.7, ,   893.6, ,   466.5, ,   333.0, ,  1097.8, ,
1942,   145.6, ,    89.1, ,   273.5, ,   184.2, ,    90.7, ,   102.3, ,    80.7, ,    27.9, ,   115.0, ,   327.9, ,   323.7, ,   373.0, ,  2133.7, ,   488.1, ,   548.3, ,   211.0, ,   766.6, ,
1943,   276.0, ,   176.7, ,   220.5, ,   218.1, ,   163.0, ,    38.0, ,   184.5, ,   164.5, ,   224.3, ,   207.2, ,   215.7, ,   201.2, ,  2289.6, ,   825.8, ,   601.6, ,   387.0, ,   647.1, ,
1944,   292.6, ,   168.3, ,   281.8, ,   122.1, ,   102.9, ,   126.8, ,   246.5, ,   225.5, ,   261.7, ,   276.6, ,   245.6, ,   186.8, ,  2537.2, ,   662.2, ,   506.7, ,   598.8, ,   783.8, ,
1945,   211.2, ,   229.4, ,   224.4, ,   236.0, ,    50.4, ,   236.4, ,   108.6, ,    48.3, ,   178.0, ,   375.3, ,   461.4, , -9999.9,M, -9999.9,M,   627.5, ,   510.8, ,   393.3, ,  1014.6, ,
1946,   418.1, ,   250.4, ,   282.2, ,   173.4, ,    39.9, ,    90.3, ,   300.5, ,    13.8, ,   217.5, ,   236.5, ,   276.5, ,   408.1, ,  2707.2, , -9999.9,M,   495.5, ,   404.6, ,   730.5, ,
1947,   409.4, ,   231.9, ,    95.4, ,   186.0, ,   187.0, ,   158.7, ,   178.1, ,    68.3, ,   304.7, ,   461.5, ,   235.0, ,   370.5, ,  2886.6, ,  1049.4, ,   468.5, ,   405.1, ,  1001.3, ,
1948,   287.8, ,   107.5, ,   210.9, ,    46.1, ,    88.0, ,    46.6, ,   150.5, ,   261.6, ,   173.6, ,   311.1, ,   328.1, ,   180.2, ,  2192.1, ,   765.8, ,   345.0, ,   458.7, ,   812.8, ,
1949,   170.6, ,   156.7, ,   140.9, ,   340.3, ,   119.4, ,   172.6, ,    71.6, ,   171.8, ,   165.8, ,   328.0, ,   355.1, ,   219.8, ,  2412.4, ,   507.6, ,   600.5, ,   415.9, ,   848.9, ,
1950,    64.2, ,   259.0, ,   200.3, ,   186.3, ,   273.6, ,    47.1, ,   116.9, ,   175.6, ,   141.1, ,   272.2, ,   332.3, ,   270.2, ,  2338.7, ,   543.0, ,   660.2, ,   339.5, ,   745.5, ,
1951,   152.5, ,   135.5, ,   121.4, ,    72.1, ,   191.3, ,    74.6, ,    69.4, ,    30.2, ,   100.0, ,   193.9, ,   232.0, ,   210.4, ,  1583.3, ,   558.2, ,   384.8, ,   174.2, ,   526.0, ,
1952,   228.4, ,   170.2, ,   253.8, ,   323.8, ,    65.3, ,    99.5, ,    91.1, ,   120.8, ,   274.0, ,   186.1, ,   183.5, ,   299.9, ,  2296.4, ,   608.9, ,   642.9, ,   311.4, ,   643.6, ,
1953,   342.3, ,   155.9, ,   271.6, ,   102.3, ,    96.7, ,    44.0, ,    83.9, ,   121.9, ,   185.3, ,   393.3, ,   359.9, ,   416.3, ,  2573.3, ,   798.1, ,   470.6, ,   249.8, ,   938.4, ,
1954,   179.6, ,   353.3, ,    62.9, ,   233.1, ,    80.0, ,   205.4, ,   135.7, ,    64.8, ,   198.5, ,   332.7, ,   344.1, ,   327.6, ,  2517.6, ,   949.1, ,   376.0, ,   405.9, ,   875.3, ,
1955,   252.8, ,   212.5, ,   212.8, ,   196.0, ,   182.1, ,   113.7, ,   107.8, ,   211.5, ,   126.3, ,   401.0, ,   155.9, ,   158.8, ,  2331.4, ,   793.0, ,   591.0, ,   433.0, ,   683.2, ,
1956,   110.5, ,   221.7, ,   193.8, ,   126.0, ,    79.0, ,   186.5, ,    40.1, ,   101.0, ,   189.9, ,   354.2, ,   309.6, ,   568.8, ,  2480.9, ,   491.0, ,   398.8, ,   327.5, ,   853.7, ,
1957,   115.6, ,   190.7, ,   206.3, ,   217.0, ,    92.0, ,   239.0, ,   188.6, ,   150.0, ,   144.8, ,   204.0, ,   409.5, ,   436.5, ,  2594.0, ,   875.1, ,   515.2, ,   577.6, ,   758.3, ,
1958,   267.2, ,   141.7, ,    88.4, ,   142.2, ,    75.4, ,    44.4, ,    37.7, ,   292.6, ,   223.6, ,   287.7, ,   295.8, ,   350.6, ,  2247.2, ,   845.3, ,   306.0, ,   374.7, ,   807.1, ,
1959,   256.1, ,   203.9, ,   299.3, ,   244.2, ,   133.4, ,   138.1, ,    89.4, ,   239.8, ,   122.1, ,   335.3, ,   229.6, ,   360.3, ,  2651.6, ,   810.7, ,   677.0, ,   467.2, ,   687.0, ,
1960,   128.5, ,   210.8, ,   455.1, , -9999.9,M, -9999.9,M, -9999.9,M, -9999.9,M, -9999.9,M, -9999.9,M, -9999.9,M, -9999.9,M, -9999.9,M, -9999.9,M,   699.6, , -9999.9,M, -9999.9,M, -9999.9,M,
1961, -9999.9,M, -9999.9,M, -9999.9,M, -9999.9,M, -9999.9,M, -9999.9,M, -9999.9,M, -9999.9,M, -9999.9,M, -9999.9,M, -9999.9,M, -9999.9,M, -9999.9,M, -9999.9,M, -9999.9,M, -9999.9,M, -9999.9,M,
1962, -9999.9,M, -9999.9,M, -9999.9,M, -9999.9,M, -9999.9,M, -9999.9,M, -9999.9,M, -9999.9,M, -9999.9,M, -9999.9,M, -9999.9,M, -9999.9,M, -9999.9,M, -9999.9,M, -9999.9,M, -9999.9,M, -9999.9,M,
1963, -9999.9,M, -9999.9,M, -9999.9,M, -9999.9,M, -9999.9,M, -9999.9,M, -9999.9,M, -9999.9,M, -9999.9,M, -9999.9,M, -9999.9,M, -9999.9,M, -9999.9,M, -9999.9,M, -9999.9,M, -9999.9,M, -9999.9,M,
1964, -9999.9,M, -9999.9,M, -9999.9,M, -9999.9,M, -9999.9,M, -9999.9,M,   187.7, ,   214.6, ,   283.8, ,   515.3, ,   248.0, ,    99.4, , -9999.9,M, -9999.9,M, -9999.9,M, -9999.9,M,  1047.2, ,
1965,   393.0, ,   364.5, ,     6.9, ,   122.0, ,   117.3, ,    46.3, ,    45.7, ,     8.7, ,   167.9, ,   503.3, , -9999.9,M, -9999.9,M, -9999.9,M,   856.9, ,   246.2, ,   100.7, , -9999.9,M,
1966, -9999.9,M,   257.4, ,   260.8, ,   118.0, ,   293.3, ,   169.2, ,    98.6, ,   213.7, ,   152.2, ,   217.5, ,   159.1, ,   214.5, , -9999.9,M, -9999.9,M,   672.1, ,   481.6, ,   528.7, ,
1967,   251.3, ,   282.8, ,   190.4, ,    64.0, ,   309.7, ,    47.2, ,   196.8, ,   128.0, ,   328.2, ,   450.9, ,   235.6, ,   287.7, ,  2772.6, ,   748.6, ,   564.1, ,   372.1, ,  1014.7, ,
1968,   386.7, ,   159.5, ,   234.6, ,   321.1, ,    91.4, ,   153.0, ,    96.0, ,    96.5, ,   209.3, ,   447.6, ,   325.8, ,   161.8, ,  2683.3, ,   833.8, ,   647.2, ,   345.4, ,   982.7, ,
1969,    96.6, ,   152.2, ,   133.5, ,   190.3, ,    92.9, ,    34.1, ,   161.0, ,   374.3, ,   209.3, ,   218.9, ,   418.6, ,   218.8, ,  2300.5, ,   410.7, ,   416.7, ,   569.4, ,   846.8, ,
1970,   152.8, ,   116.2, ,   236.0, ,   261.8, ,   315.0, ,    65.5, ,   183.2, ,   109.9, ,   230.7, ,   157.6, ,   129.6, ,   196.6, ,  2155.0, ,   487.9, ,   812.8, ,   358.7, ,   517.9, ,
1971,   474.6, ,   214.4, ,   210.7, ,   176.8, ,    62.9, ,   210.6, ,    53.3, ,   187.8, ,   162.5, ,   295.9, ,   378.4, ,   216.2, ,  2644.0, ,   885.5, ,   450.4, ,   451.8, ,   836.7, ,
1972,   214.5, ,   248.7, ,   346.8, ,   277.7, ,   134.7, ,   167.4, ,   103.6, ,    64.2, ,   188.0, ,   347.6, ,   213.2, ,   273.4, ,  2579.7, ,   679.4, ,   759.2, ,   335.2, ,   748.8, ,
1973,   261.2, ,    86.7, ,   198.7, ,   174.5, ,   188.2, ,   193.5, ,   100.2, ,    34.7, ,   304.4, ,   331.5, ,   157.8, ,   279.4, ,  2310.8, ,   621.2, ,   561.4, ,   328.4, ,   793.7, ,
1974,   313.4, ,   242.6, ,   143.7, ,   230.7, ,   208.5, ,   178.5, ,   128.1, ,     1.8, ,   147.0, ,   348.2, ,   182.8, ,   313.0, ,  2438.1, ,   835.4, ,   582.9, ,   308.3, ,   678.0, ,
1975,   244.4, ,    78.2, ,   142.6, ,   117.9, ,   116.6, ,   178.5, ,   119.8, ,   266.3, ,   122.7, ,   337.2, ,   450.6, ,   230.3, ,  2405.1, ,   635.6, ,   377.1, ,   564.7, ,   910.4, ,
1976,   347.1, ,   300.8, ,   303.2, ,   170.1, ,   264.4, ,   300.4, ,   195.3, ,   282.8, ,   134.6, ,   370.7, ,   259.8, ,   475.2, ,  3404.3, ,   878.2, ,   737.6, ,   778.5, ,   765.1, ,
1977,   162.4, ,   178.6, ,   369.4, ,   224.8, ,   105.5, ,   170.9, ,   168.0, ,    41.1, ,   174.5, , -9999.9,M, -9999.9,M,   109.0, , -9999.9,M,   816.1, ,   699.7, ,   380.0, , -9999.9,M,
1978,    69.5, ,    94.0, ,   272.7, ,    87.3, ,   129.2, ,    45.5, ,    39.0, ,   213.9, ,   250.2, ,   242.6, ,   281.0, ,   248.4, ,  1973.3, ,   272.6, ,   489.2, ,   298.4, ,   773.8, ,
1979,    95.4, ,   212.9, ,   168.2, ,   120.8, ,   241.8, ,   149.7, ,   150.2, ,    36.5, ,   273.2, ,   112.9, ,   162.4, ,   373.5, ,  2097.5, ,   556.8, ,   530.8, ,   336.4, ,   548.5, ,
1980,   212.6, ,   116.0, ,   230.2, ,   192.9, ,   118.1, ,    32.5, ,   197.8, ,   136.3, ,   354.2, ,   204.8, ,   334.0, ,   505.7, ,  2635.0, ,   702.1, ,   541.2, ,   366.6, ,   892.9, ,
1981,   178.6, ,   274.9, ,   186.6, ,   333.6, ,   139.7, ,   220.5, ,    18.5, ,    76.1, ,   257.5, ,   219.8, ,   395.6, ,   254.0, ,  2555.5, ,   959.2, ,   659.9, ,   315.2, ,   872.9, ,
1982,   331.0, ,   291.5, ,   155.2, ,   174.2, ,   159.3, ,    12.1, ,   117.1, ,   106.7, ,   287.4, ,   393.9, ,   202.2, ,   239.7, ,  2470.3, ,   876.5, ,   488.7, ,   236.0, ,   883.5, ,
1983,   319.6, ,   279.7, ,   157.8, ,    68.2, ,   115.3, ,   351.0, ,   219.3, ,   110.8, ,   281.4, ,   243.9, ,   274.6, ,   142.9, ,  2564.6, ,   839.0, ,   341.3, ,   681.1, ,   800.0, ,
1984,   630.7, ,   285.8, ,   215.6, ,   277.8, ,   276.7, ,   201.0, ,   142.4, ,   228.6, ,   266.9, ,   347.8, ,   289.3, ,   385.0, ,  3547.5, ,  1059.4, ,   770.1, ,   572.0, ,   904.0, ,
1985,   198.4, ,   460.5, ,   301.8, ,   272.8, ,   129.2, ,   187.3, ,    67.3, ,    51.8, ,   144.1, ,   549.8, ,   142.0, ,   130.7, ,  2635.6, ,  1043.9, ,   703.7, ,   306.4, ,   835.9, ,
1986,   333.4, ,   235.6, ,   266.7, ,   316.8, ,   301.9, ,   202.2, ,   113.8, ,    71.6, ,   179.4, ,   257.4, ,   430.1, ,   222.3, ,  2931.0, ,   699.7, ,   885.3, ,   387.6, ,   866.8, ,
1987,   333.5, ,   324.0, ,   217.1, ,   312.9, ,   181.5, ,   178.5, ,    75.6, ,    82.7, ,   279.8, ,   245.4, ,   387.9, ,   238.0, ,  2856.6, ,   879.8, ,   711.5, ,   336.7, ,   913.0, ,
1988,   232.4, ,   325.1, ,   281.5, ,   139.6, ,   234.8, ,   120.8, ,   157.7, ,   156.7, ,   202.5, ,   272.6, ,   421.9, ,   242.2, ,  2788.0, ,   795.4, ,   655.9, ,   435.3, ,   897.1, ,
1989,   377.2, ,    40.5, ,   185.3, ,   123.6, ,    87.7, ,   129.5, ,   106.7, ,    68.9, ,    57.2, ,   351.3, ,   450.1, ,   394.9, ,  2372.8, ,   659.8, ,   396.5, ,   305.1, ,   858.6, ,
1990,   366.4, ,   246.1, ,   190.1, ,   154.3, ,    73.1, ,   115.2, ,    19.2, ,    95.6, ,    85.7, ,   495.8, ,   454.0, ,   323.0, ,  2618.5, ,  1007.4, ,   417.6, ,   230.0, ,  1035.5, ,
1991,   206.8, ,   233.3, ,   140.1, ,   114.8, ,    95.1, ,   108.0, ,   162.9, ,   190.6, ,   101.3, ,   176.8, ,   359.5, ,   376.2, ,  2265.6, ,   763.1, ,   350.1, ,   461.5, ,   637.7, ,
1992,   360.6, ,   252.9, ,   121.8, ,   163.3, ,   150.1, ,    74.9, ,    30.4, ,   100.6, ,   424.0, ,   294.1, ,   377.9, ,   280.7, ,  2631.3, ,   989.7, ,   435.3, ,   205.9, ,  1096.0, ,
1993,    91.9, ,    48.6, ,   109.3, ,   211.7, ,   191.5, ,   135.2, ,    72.0, ,   201.3, ,    15.9, ,   269.7, ,   440.8, ,   166.7, ,  1954.5, ,   421.2, ,   512.5, ,   408.5, ,   726.4, ,
1994,   270.5, , -9999.9,M,   211.2, ,   242.7, ,   147.8, ,   122.5, ,    86.3, ,   115.3, ,   367.5, ,   389.9, ,   431.0, ,   298.5, , -9999.9,M, -9999.9,M,   601.6, ,   324.2, ,  1188.5, ,
1995,   129.1, ,   197.8, ,   156.8, ,   155.1, ,    59.5, ,    85.6, ,   184.8, ,   220.1, ,    85.2, ,   394.9, ,   340.0, ,   245.4, ,  2254.3, ,   625.4, ,   371.4, ,   490.5, ,   820.1, ,
1996,   327.8, ,   126.5, ,   153.8, ,   340.9, ,   110.7, ,   184.1, ,    43.9, ,   156.6, ,   242.6, ,   394.2, ,   232.6, ,   262.1, ,  2575.7, ,   699.6, ,   605.4, ,   384.6, ,   869.4, ,
1997,   264.0, ,   380.8, ,   416.5, ,   224.7, ,   159.1, ,   196.0, ,   139.7, ,   128.7, ,   168.7, ,   376.4, ,   353.9, ,   457.3, ,  3265.7, ,   906.9, ,   800.3, ,   464.3, ,   899.0, ,
1998,   191.8, ,   136.6, ,   148.9, ,   228.9, ,   114.4, ,    78.3, ,   155.4, ,   190.9, ,   154.2, ,   464.0, ,   258.5, ,   502.2, ,  2624.0, ,   785.7, ,   492.2, ,   424.6, ,   876.6, ,
1999,   341.7, ,   245.9, ,   191.3, ,   255.0, ,   205.2, ,   253.1, ,    72.3, ,   283.2, ,   228.3, ,   276.4, ,   335.7, ,   274.4, ,  2962.6, ,  1089.8, ,   651.6, ,   608.6, ,   840.4, ,
2000,   218.5, ,    67.7, ,   254.8, ,   256.2, ,   177.0, ,   125.4, ,   129.9, ,   162.1, ,   227.7, ,   461.9, ,   340.5, ,   238.2, ,  2659.9, ,   560.5, ,   688.1, ,   417.3, ,  1030.1, ,
2001,   262.2, ,    96.0, ,   387.0, ,   251.2, ,   378.4, ,   112.4, ,    60.2, ,   316.1, ,   282.0, ,   442.7, ,   528.6, ,   257.3, ,  3374.2, ,   596.4, ,  1016.6, ,   488.8, ,  1253.3, ,
2002,   295.3, ,   219.8, ,   235.8, ,   214.0, ,   161.1, ,   244.3, ,    93.2, ,   104.3, ,   360.0, ,   173.7, ,   305.0, ,   215.2, ,  2621.6, ,   772.3, ,   610.9, ,   441.7, ,   838.8, ,
2003,   218.5, ,    77.2, ,   301.9, ,   209.9, ,   231.7, ,   137.5, ,   174.8, ,   214.7, ,   268.1, ,   408.8, ,   215.9, ,   267.6, ,  2726.4, ,   511.0, ,   743.4, ,   526.9, ,   892.8, ,
2004,   242.0, ,   127.6, ,   276.5, ,    77.4, ,   133.2, ,    85.3, ,   209.6, ,   228.2, ,   228.5, ,   319.6, ,   554.8, ,   320.0, ,  2802.7, ,   637.2, ,   487.1, ,   523.1, ,  1102.9, ,
2005,   291.1, ,   230.9, ,   257.4, ,   174.0, ,   103.9, ,    87.9, ,   376.3, ,   221.6, ,   262.8, ,   422.1, ,   322.7, ,   246.0, ,  2996.7, ,   842.0, ,   535.4, ,   685.8, ,  1007.6, ,
2006,   322.2, ,   110.8, ,   105.7, ,   171.9, ,   115.9, ,   118.2, ,   137.4, ,    31.9, ,   124.4, ,   286.7, ,   446.7, ,   365.8, ,  2337.6, ,   678.9, ,   393.5, ,   287.5, ,   857.9, ,
2007,   427.4, ,   304.8, ,   538.5, ,   273.8, ,   268.4, ,   234.8, ,   282.3, ,   188.9, ,   170.8, ,   448.5, ,   305.3, , -9999.9,M, -9999.9,M,  1098.1, ,  1080.7, ,   706.0, ,   924.6, ,
2008, -9999.9,M,   257.7, ,   198.4, ,   154.4, ,   159.4, ,   156.6, ,   205.2, ,   232.4, ,   105.9, ,   338.4, ,   544.5, ,   337.3, , -9999.9,M, -9999.9,M,   512.2, ,   594.1, ,   988.8, ,
2009,   255.5, ,   107.3, ,   258.3, ,   224.8, ,   190.6, ,   181.8, ,    17.4, ,   128.7, ,   234.9, ,   409.3, ,   499.3, ,    60.5, ,  2568.3, ,   700.2, ,   673.7, ,   327.9, ,  1143.5, ,
2010,   182.6, ,   153.1, ,   274.2, ,   186.3, ,    95.2, ,   140.6, ,    28.5, ,   176.0, ,   310.9, ,   462.6, ,   244.3, ,   241.5, ,  2495.8, ,   396.1, ,   555.7, ,   345.1, ,  1017.8, ,
2011,   388.1, ,   296.6, ,   207.6, ,   188.0, ,   136.4, ,   109.2, ,   240.9, ,   145.6, ,   405.3, ,   314.5, ,   365.7, ,   451.2, ,  3249.0, ,   926.2, ,   531.9, ,   495.6, ,  1085.5, ,
