116146F,CELISTA                  ,BC  ,station joined    , Monthly total of daily adjusted precipitation, mm, Updated to December 2011
116146F,CELISTA                  ,BC  ,station jointe    , Total mensuel des chutes de précipitations quotidiennes ajustées, mm, Mise à jour jusqu à décembre 2011
Year,     Jan, ,     Feb, ,     Mar, ,     Apr, ,     May, ,     Jun, ,     Jul, ,     Aug, ,     Sep, ,     Oct, ,     Nov, ,     Dec, ,  Annual, ,  Winter, ,  Spring, ,  Summer, ,  Autumn
An  ,    Janv, ,     Fév, ,    Mars, ,     Avr, ,     Mai, ,    Juin, ,    Juil, ,    Août, ,    Sept, ,     Oct, ,     Nov, ,     Déc, ,  Annuel, ,   Hiver, ,Printemp, ,     Eté, , Automne
1924,    72.3, ,    28.8, ,    13.9, ,     8.3, ,    10.9, ,    52.3, ,    25.2, ,    62.9, ,    55.3, ,    35.8, ,    52.3, ,    80.8, ,   498.6, , -9999.9,M,    33.0, ,   140.4, ,   143.4, ,
1925,    70.9, ,    57.0, ,    33.7, ,    17.7, ,    23.9, ,    31.6, ,     4.9, ,    48.6, ,    27.2, ,    52.4, ,    31.1, ,    83.9, ,   482.8, ,   208.6, ,    75.3, ,    85.0, ,   110.8, ,
1926,    54.9, ,    63.3, ,     9.8, ,    31.3, ,    41.0, ,    12.4, ,     3.1, ,    32.8, ,    96.0, ,    67.6, ,    45.8, ,    85.0, ,   543.1, ,   202.1, ,    82.1, ,    48.3, ,   209.5, ,
1927,    85.6, ,    26.8, ,    32.3, ,    20.9, ,    34.5, ,    63.0, ,    36.5, ,    82.7, ,    58.1, ,    61.7, ,    64.3, ,    81.2, ,   647.6, ,   197.4, ,    87.8, ,   182.1, ,   184.2, ,
1928,    37.0, ,    11.2, ,    48.1, ,    46.7, ,    32.9, ,    82.3, ,    14.6, ,    11.2, ,    14.7, ,    49.1, ,    47.4, ,    27.1, ,   422.2, ,   129.4, ,   127.7, ,   108.0, ,   111.2, ,
1929,    49.7, ,    17.8, ,    40.7, ,    30.3, ,    25.3, ,    50.9, ,    12.8, ,    38.5, ,    28.4, ,    56.9, ,    19.8, ,    49.0, ,   420.0, ,    94.6, ,    96.3, ,   102.1, ,   105.2, ,
1930,    33.5, ,    85.9, ,    24.5, ,    25.2, ,    45.2, ,    31.6, ,     6.7, ,    13.7, ,    42.9, ,    81.6, ,    48.0, ,    32.0, ,   470.8, ,   168.4, ,    94.9, ,    52.0, ,   172.5, ,
1931,    66.2, ,    47.2, ,    30.6, ,    17.0, ,    11.1, ,    86.6, ,    20.5, ,     6.1, ,    63.2, ,    45.6, ,    93.8, ,    55.2, ,   543.0, ,   145.3, ,    58.6, ,   113.2, ,   202.7, ,
1932,    59.3, ,    63.3, ,    54.8, ,    52.3, ,    32.6, ,    37.5, ,    22.5, ,    28.3, ,    22.8, ,    47.2, ,    93.0, ,    69.8, ,   583.3, ,   177.8, ,   139.6, ,    88.3, ,   163.0, ,
1933,    64.1, ,    41.1, ,    44.8, ,    11.4, ,    39.3, ,    43.6, ,    20.0, ,    19.2, ,    66.4, ,    77.2, ,    32.9, ,    90.9, ,   550.8, ,   175.0, ,    95.4, ,    82.8, ,   176.4, ,
1934,    53.5, ,    12.9, ,    35.5, ,    10.2, ,    23.7, ,    25.8, ,    26.5, ,     9.5, ,    75.1, ,    17.6, ,    19.1, ,   110.9, ,   420.0, ,   157.3, ,    69.3, ,    61.8, ,   111.7, ,
1935,   155.6, ,    43.3, ,    39.9, ,    18.4, ,    29.9, ,    76.4, ,   103.6, ,    17.9, ,    24.8, ,    63.5, ,    66.5, ,    42.0, ,   681.9, ,   309.7, ,    88.2, ,   197.9, ,   154.9, ,
1936,    68.3, ,    57.8, ,    56.6, ,    34.6, ,    23.9, ,    56.5, ,    36.1, ,    39.0, ,    37.9, ,    22.0, ,    27.8, ,    15.6, ,   476.0, ,   168.1, ,   115.1, ,   131.6, ,    87.7, ,
1937,    87.5, ,    74.5, ,    31.2, ,    57.8, ,    29.4, ,    56.6, ,    43.5, ,    35.7, ,    18.7, ,    44.9, ,    56.3, ,    71.6, ,   607.8, ,   177.5, ,   118.4, ,   135.9, ,   119.9, ,
1938,    40.2, ,    42.8, ,    31.5, ,    17.2, ,    14.9, ,    26.6, ,    15.0, ,    39.0, ,    40.1, ,    40.7, ,    67.6, ,   103.0, ,   478.8, ,   154.6, ,    63.7, ,    80.6, ,   148.4, ,
1939,    85.4, ,    41.2, ,    19.7, ,     3.1, ,    50.9, ,    62.4, ,    20.2, ,     7.0, ,    17.6, ,    65.0, ,    29.2, ,    69.1, ,   470.8, ,   229.6, ,    73.8, ,    89.6, ,   111.8, ,
1940,    48.0, ,    65.5, ,    95.8, ,    34.5, ,    47.6, ,     9.8, ,    55.2, ,    13.0, ,    34.7, ,    51.7, ,    62.7, ,    66.4, ,   584.8, ,   182.5, ,   177.9, ,    78.0, ,   149.0, ,
1941,    65.4, ,    30.6, ,    30.5, ,    35.2, ,    46.1, ,    55.9, ,    38.0, ,    45.3, ,   131.0, ,    48.7, ,    24.2, ,    38.2, ,   589.1, ,   162.4, ,   111.9, ,   139.2, ,   203.9, ,
1942,    23.1, ,     5.9, ,    19.5, ,    30.4, ,   111.8, ,    49.7, ,   118.5, ,    40.9, ,    16.2, ,    54.3, ,    57.3, ,    95.9, ,   623.5, ,    67.2, ,   161.7, ,   209.1, ,   127.8, ,
1943,    75.9, ,    24.5, ,    12.8, ,    34.6, ,    31.4, ,    68.3, ,    38.0, ,    27.8, ,    16.6, ,    71.7, ,    35.1, ,    64.8, ,   501.4, ,   196.2, ,    78.8, ,   134.0, ,   123.4, ,
1944,    30.1, ,    36.5, ,    28.5, ,    54.1, ,    39.9, ,    18.3, ,    36.2, ,    46.7, ,    92.5, ,    58.9, ,    79.2, ,    37.0, ,   557.8, ,   131.5, ,   122.4, ,   101.2, ,   230.5, ,
1945,    79.3, ,    31.9, ,    32.4, ,    38.7, ,    28.0, ,    21.1, ,    27.8, ,    16.2, ,    61.0, ,    91.3, ,    69.5, ,    64.6, ,   561.9, ,   148.2, ,    99.1, ,    65.1, ,   221.9, ,
1946,   103.5, ,    55.4, ,    21.4, ,    47.4, ,    24.5, ,    78.7, ,    18.1, ,    33.2, ,    16.4, ,    55.5, ,    43.0, ,    62.2, ,   559.3, ,   223.5, ,    93.3, ,   130.0, ,   115.0, ,
1947,    65.0, ,    72.1, ,    39.4, ,    43.1, ,    25.0, ,    76.0, ,    65.0, ,    54.9, ,    26.3, ,    70.3, ,    46.6, ,    73.8, ,   657.4, ,   199.3, ,   107.5, ,   195.8, ,   143.1, ,
1948,    26.1, ,    92.4, ,    17.5, ,    95.1, ,    76.0, ,    13.2, ,    55.8, ,    81.9, ,    41.0, ,    30.9, ,   111.6, ,    59.0, ,   700.4, ,   192.3, ,   188.6, ,   150.9, ,   183.5, ,
1949,    33.4, ,    71.8, ,    27.8, ,    29.1, ,    49.6, ,    31.7, ,    33.2, ,    24.8, ,    29.0, ,    56.8, ,    35.9, ,    91.6, ,   514.8, ,   164.2, ,   106.6, ,    89.7, ,   121.7, ,
1950,    59.1, ,    48.7, ,    59.1, ,    36.8, ,    31.2, ,    28.3, ,    20.5, ,    33.9, ,    10.2, ,    59.7, ,    46.5, ,    78.7, ,   512.8, ,   199.4, ,   127.2, ,    82.7, ,   116.4, ,
1951,   100.4, ,    66.6, ,    32.6, ,    12.6, ,    37.2, ,     9.2, ,    43.4, ,    32.9, ,    35.2, ,   102.1, ,    44.6, ,    77.2, ,   594.0, ,   245.7, ,    82.4, ,    85.6, ,   181.8, ,
1952,    83.9, ,    46.7, ,    40.5, ,    23.2, ,    26.8, ,   100.3, ,    32.0, ,    22.3, ,     2.8, ,    13.4, ,    10.6, ,    62.0, ,   464.5, ,   207.9, ,    90.5, ,   154.6, ,    26.8, ,
1953,    86.5, ,    53.9, ,    30.0, ,    41.1, ,    21.9, ,    80.3, ,    19.1, ,    52.3, ,    22.4, ,    59.1, ,    70.2, ,    94.4, ,   631.2, ,   202.3, ,    93.0, ,   151.8, ,   151.7, ,
1954,    79.5, ,    14.5, ,    49.6, ,    22.2, ,    76.0, ,    67.1, ,    48.7, ,    92.9, ,    60.3, ,    22.9, ,    89.0, ,    67.4, ,   690.2, ,   188.4, ,   147.8, ,   208.7, ,   172.2, ,
1955,    37.0, ,    47.6, ,    28.9, ,    14.4, ,    29.8, ,    44.8, ,    79.4, ,     4.4, ,    33.1, ,    44.6, ,    91.8, ,    92.1, ,   547.8, ,   151.9, ,    73.1, ,   128.5, ,   169.6, ,
1956,    96.2, ,    38.4, ,    31.4, ,    23.9, ,    13.1, ,    82.7, ,    49.7, ,    54.8, ,    41.6, ,    65.0, ,    27.6, ,   102.7, ,   627.1, ,   226.6, ,    68.5, ,   187.2, ,   134.3, ,
1957,    65.1, ,    23.3, ,    35.0, ,    17.5, ,    34.4, ,    83.1, ,    30.1, ,    43.5, ,    17.4, ,    31.5, ,    33.7, ,    67.7, ,   482.2, ,   191.0, ,    86.9, ,   156.7, ,    82.6, ,
1958,   123.1, ,    57.2, ,    36.0, ,    56.4, ,    38.4, ,    60.7, ,    14.2, ,    25.6, ,    58.6, ,    47.5, ,    69.8, ,    86.0, ,   673.6, ,   248.0, ,   130.8, ,   100.4, ,   176.0, ,
1959,    78.3, ,    52.6, ,    51.5, ,    13.6, ,    49.2, ,    38.7, ,    24.1, ,    78.0, ,   124.6, ,    77.7, ,    69.6, ,    22.7, ,   680.4, ,   216.8, ,   114.3, ,   140.7, ,   271.9, ,
1960,    99.1, ,    42.3, ,    13.8, ,    21.9, ,    83.3, ,    32.9, ,     1.0, ,    85.8, ,    49.7, ,    50.7, ,    44.9, ,    49.8, ,   575.2, ,   164.1, ,   119.0, ,   119.8, ,   145.3, ,
1961,    25.8, ,    51.2, ,    38.9, ,    51.9, ,    47.6, ,    41.2, ,    29.2, ,    41.8, ,    47.4, ,    57.5, ,    75.9, ,    73.6, ,   582.0, ,   126.8, ,   138.4, ,   112.2, ,   180.8, ,
1962,    56.5, ,    21.5, ,    29.8, ,    33.3, ,    41.3, ,    40.5, ,    55.4, ,    60.4, ,    51.0, ,    45.3, ,    52.0, ,    78.8, ,   565.8, ,   151.6, ,   104.4, ,   156.3, ,   148.3, ,
1963,    45.7, ,    47.7, ,    39.1, ,    80.3, ,    12.8, ,    47.5, ,    60.7, ,    28.7, ,    38.6, ,    23.9, ,    64.6, ,    61.7, ,   551.3, ,   172.2, ,   132.2, ,   136.9, ,   127.1, ,
1964,   106.4, ,    32.8, ,    39.0, ,    22.3, ,    40.2, ,    75.5, ,    96.6, ,    81.4, ,   101.7, ,     9.6, ,    59.6, ,    71.0, ,   736.0, ,   200.8, ,   101.5, ,   253.4, ,   171.0, ,
1965,   108.9, ,    86.6, ,    15.5, ,    50.2, ,    18.7, ,    30.7, ,    23.6, ,   147.6, ,    32.5, ,    35.2, ,    56.5, ,    94.5, ,   700.5, ,   266.4, ,    84.4, ,   201.9, ,   124.3, ,
1966,   121.4, ,    39.0, ,    24.9, ,    59.1, ,    43.2, ,    52.3, ,    88.4, ,    33.1, ,    26.5, ,    58.2, ,    57.0, ,    88.0, ,   690.9, ,   254.9, ,   127.1, ,   173.7, ,   141.7, ,
1967,   115.8, ,    48.3, ,    41.6, ,    19.7, ,    29.2, ,    15.3, ,    45.2, ,     4.2, ,    29.6, ,   136.5, ,    60.1, ,    94.2, ,   639.7, ,   252.1, ,    90.5, ,    64.7, ,   226.2, ,
1968,    74.8, ,    33.8, ,    36.0, ,    30.5, ,    50.1, ,    31.6, ,    24.5, ,    71.1, ,    84.7, ,    75.3, ,    87.9, ,   115.9, ,   716.1, ,   202.8, ,   116.7, ,   127.2, ,   247.8, ,
1969,    83.9, ,    28.8, ,    20.1, ,    55.2, ,    29.7, ,    73.2, ,    49.7, ,    20.3, ,   111.8, ,    36.5, ,    58.7, ,    66.9, ,   634.8, ,   228.5, ,   105.1, ,   143.2, ,   207.0, ,
1970,    83.5, ,    21.2, ,    27.3, ,     8.0, ,    39.9, ,    17.3, ,    51.4, ,    10.0, ,    70.0, ,    42.0, ,    79.4, ,    66.0, ,   516.1, ,   171.7, ,    75.2, ,    78.7, ,   191.4, ,
1971,   148.9, ,    66.2, ,    62.6, ,    25.6, ,    49.0, ,   108.6, ,    30.6, ,    22.6, ,    39.3, ,    61.0, ,    74.1, ,   185.7, ,   874.1, ,   281.1, ,   137.1, ,   161.8, ,   174.5, ,
1972,    90.7, ,    57.0, ,    93.7, ,    30.2, ,    55.6, ,    72.7, ,    83.0, ,    28.1, ,    68.0, ,    35.8, ,    52.9, ,   109.1, ,   776.8, ,   333.5, ,   179.5, ,   183.8, ,   156.7, ,
1973,    47.5, ,    58.6, ,    45.3, ,    10.3, ,    28.5, ,    51.0, ,    10.2, ,    17.5, ,    42.1, ,    99.7, ,    98.1, ,    82.3, ,   591.1, ,   215.3, ,    84.1, ,    78.7, ,   239.8, ,
1974,    93.1, ,    52.5, ,    58.8, ,    47.8, ,    66.0, ,    29.4, ,    57.3, ,    16.9, ,    17.4, ,     9.2, ,    91.5, ,   134.8, ,   674.7, ,   227.9, ,   172.6, ,   103.6, ,   118.1, ,
1975,   133.0, ,   101.3, ,    38.3, ,    23.6, ,    44.9, ,    61.2, ,    24.8, ,    64.5, ,    13.4, ,    81.3, ,    75.9, ,    75.6, ,   738.0, ,   369.1, ,   106.8, ,   150.6, ,   170.6, ,
1976,   103.8, ,    49.2, ,    28.6, ,    32.2, ,    89.5, ,    77.0, ,    47.0, ,   210.6, ,    19.4, ,    44.5, ,    23.4, ,    65.3, ,   790.5, ,   228.6, ,   150.3, ,   334.5, ,    87.4, ,
1977,    47.3, ,    64.2, ,    47.3, ,    19.6, ,    51.3, ,    43.5, ,    50.5, ,    35.1, ,    63.5, ,    28.4, ,   119.6, ,   101.6, ,   671.7, ,   176.8, ,   118.1, ,   129.0, ,   211.5, ,
1978,    50.2, ,    39.2, ,    40.4, ,    47.3, ,    88.3, ,    61.4, ,    24.6, ,    95.2, ,    86.1, ,    40.9, ,    54.0, ,    56.0, ,   683.7, ,   191.1, ,   176.0, ,   181.2, ,   181.0, ,
1979,    45.1, ,    66.4, ,    21.7, ,    33.5, ,    41.8, ,    32.4, ,    19.6, ,    48.5, ,    47.6, ,    47.7, ,    15.0, ,    66.0, ,   485.5, ,   167.5, ,    97.1, ,   100.5, ,   110.3, ,
1980,    33.2, ,    64.6, ,    42.1, ,    23.8, ,    69.0, ,    89.1, ,    43.3, ,    52.6, ,    83.2, ,    29.5, ,    94.7, ,   143.6, ,   768.7, ,   163.8, ,   135.0, ,   185.0, ,   207.4, ,
1981,    28.4, ,    38.2, ,    47.5, ,    44.7, ,    54.4, ,    87.0, ,    93.2, ,    41.7, ,    51.1, ,    71.4, ,    42.3, ,    80.3, ,   680.2, ,   210.1, ,   146.6, ,   222.0, ,   164.8, ,
1982,   157.4, ,    88.3, ,    38.0, ,    30.8, ,    47.3, ,    40.4, ,    76.8, ,    58.8, ,    93.4, ,    50.1, ,    92.9, ,    50.2, ,   824.3, ,   326.0, ,   116.1, ,   176.0, ,   236.3, ,
1983,    72.7, ,    73.2, ,    54.4, ,    56.6, ,    42.9, ,    78.3, ,   111.7, ,    25.2, ,    60.8, ,    56.9, ,   110.9, ,    86.2, ,   829.9, ,   196.1, ,   153.9, ,   215.2, ,   228.6, ,
1984,    92.7, ,    18.4, ,    53.2, ,    42.4, ,    76.5, ,    76.2, ,    25.4, ,    34.0, ,    59.5, ,    51.5, ,   117.0, ,   101.4, ,   748.3, ,   197.3, ,   172.1, ,   135.6, ,   228.1, ,
1985,    19.8, ,    50.5, ,    22.4, ,    39.6, ,    54.3, ,    61.4, ,    23.3, ,    34.3, ,    79.1, ,   120.7, ,    36.3, ,    51.0, ,   592.6, ,   171.7, ,   116.3, ,   118.9, ,   236.1, ,
1986,    69.4, ,    47.6, ,    52.1, ,    46.8, ,    44.1, ,    76.8, ,    67.2, ,     2.5, ,    82.2, ,    26.0, ,    70.4, ,    95.5, ,   680.5, ,   167.9, ,   143.0, ,   146.5, ,   178.6, ,
1987,    47.8, ,    32.6, ,    29.2, ,    47.6, ,    42.4, ,    32.3, ,    61.1, ,    24.1, ,    24.1, ,    22.9, ,    76.3, ,    91.2, ,   531.4, ,   175.9, ,   119.1, ,   117.5, ,   123.3, ,
1988,    44.1, ,    70.7, ,    47.0, ,    70.5, ,    58.8, ,    70.9, ,    63.8, ,    62.4, ,    70.7, ,    58.7, ,    76.6, ,    93.0, ,   787.4, ,   206.1, ,   176.4, ,   197.2, ,   206.0, ,
1989,    59.0, ,    29.4, ,    43.0, ,    33.9, ,   115.3, ,    78.4, ,    45.4, ,   129.1, ,    51.8, ,    48.6, ,    90.9, ,    51.3, ,   776.0, ,   181.5, ,   192.1, ,   252.9, ,   191.3, ,
1990,   122.3, ,    44.5, ,    22.1, ,    29.4, ,    91.9, ,   161.7, ,    53.1, ,    52.5, ,     7.4, ,    72.9, ,   110.1, ,   113.1, ,   880.9, ,   218.1, ,   143.4, ,   267.3, ,   190.4, ,
1991,    57.7, ,    49.7, ,    25.9, ,    47.1, ,    56.1, ,    37.7, ,    37.4, ,    81.6, ,     7.0, ,    16.9, ,   107.9, ,    29.2, ,   554.2, ,   220.6, ,   129.1, ,   156.7, ,   131.8, ,
1992,   110.5, ,    33.1, ,    25.6, ,    31.8, ,    34.4, ,    53.2, ,    70.9, ,    23.3, ,    51.8, ,    46.0, ,   139.4, ,   136.4, ,   756.5, ,   172.8, ,    91.8, ,   147.4, ,   237.2, ,
1993,    90.7, ,    11.4, ,    43.0, ,    84.4, ,    93.1, ,    47.2, ,    75.7, ,    66.3, ,     6.5, ,    44.2, ,    45.5, ,   106.5, ,   714.5, ,   238.5, ,   220.4, ,   189.2, ,    96.2, ,
1994,   107.6, ,    82.2, ,    31.4, ,    49.2, ,    37.2, ,    86.8, ,    42.4, ,    59.9, ,    34.7, ,    80.7, ,    86.7, ,    70.0, ,   768.8, ,   296.3, ,   117.8, ,   189.1, ,   202.1, ,
1995,    94.4, ,    48.8, ,    47.6, ,    34.6, ,    15.8, ,    76.4, ,    32.1, ,   109.4, ,    24.1, ,   106.7, ,   157.4, ,    86.8, ,   834.1, ,   213.2, ,    98.0, ,   217.9, ,   288.1, ,
1996,    45.8, ,    46.6, ,    61.0, ,    66.3, ,   148.1, ,    66.4, ,    32.7, ,    59.6, ,   129.6, ,   117.8, ,   132.0, ,   154.2, ,  1059.9, ,   179.2, ,   275.3, ,   158.7, ,   379.3, ,
1997,    83.2, ,    32.6, ,    59.1, ,    39.5, ,    58.3, ,    79.2, ,   155.9, ,    28.0, ,   124.4, ,   112.9, ,    58.1, ,    54.4, ,   885.5, ,   269.9, ,   156.9, ,   263.1, ,   295.4, ,
1998,   109.3, ,    31.7, ,    73.7, ,    51.8, ,    35.4, ,    71.6, ,    38.6, ,     3.8, ,    10.5, ,    95.3, ,   101.3, ,   128.0, ,   751.0, ,   195.4, ,   160.9, ,   114.0, ,   207.2, ,
1999,    88.2, ,    68.1, ,    33.3, ,    33.1, ,    69.1, ,   101.0, ,    91.6, ,    49.6, ,    39.8, ,    72.3, ,    86.7, ,    90.6, ,   823.4, ,   284.3, ,   135.4, ,   242.3, ,   198.8, ,
2000,    85.0, ,    53.3, ,    85.6, ,    66.1, ,    61.1, ,    74.3, ,    63.4, ,    28.8, ,    36.2, ,    59.1, ,    35.1, ,    66.8, ,   714.9, ,   228.9, ,   212.9, ,   166.5, ,   130.5, ,
2001,    58.9, ,    26.0, ,    45.6, ,    33.6, ,    73.6, ,    70.7, ,    94.6, ,    51.7, ,    33.8, ,    93.7, ,    75.5, ,    93.7, ,   751.3, ,   151.7, ,   152.7, ,   217.0, ,   202.9, ,
2002,    68.2, ,    44.2, ,    20.7, ,    27.9, ,    93.4, ,    46.1, ,    13.9, ,    22.8, ,    27.7, ,     9.7, ,    57.0, ,    52.5, ,   484.0, ,   206.1, ,   142.0, ,    82.8, ,    94.3, ,
2003,    39.4, ,    11.7, ,    51.2, ,    56.9, ,    48.7, ,    57.0, ,    10.7, ,     0.4, ,    22.7, ,   105.4, ,    52.5, ,    56.8, ,   513.5, ,   103.5, ,   156.9, ,    68.2, ,   180.6, ,
2004,    75.2, ,    20.5, ,    58.0, ,    25.6, ,    99.7, ,    44.4, ,    37.0, , -9999.9,M, -9999.9,M, -9999.9,M, -9999.9,M, -9999.9,M, -9999.9,M,   152.4, ,   183.3, , -9999.9,M, -9999.9,M,
2005, -9999.9,M, -9999.9,M, -9999.9,M, -9999.9,M, -9999.9,M, -9999.9,M, -9999.9,M, -9999.9,M, -9999.9,M, -9999.9,M, -9999.9,M, -9999.9,M, -9999.9,M, -9999.9,M, -9999.9,M, -9999.9,M, -9999.9,M,
2006, -9999.9,M, -9999.9,M, -9999.9,M, -9999.9,M, -9999.9,M, -9999.9,M, -9999.9,M, -9999.9,M, -9999.9,M, -9999.9,M, -9999.9,M, -9999.9,M, -9999.9,M, -9999.9,M, -9999.9,M, -9999.9,M, -9999.9,M,
2007, -9999.9,M, -9999.9,M, -9999.9,M, -9999.9,M, -9999.9,M, -9999.9,M, -9999.9,M, -9999.9,M, -9999.9,M, -9999.9,M, -9999.9,M, -9999.9,M, -9999.9,M, -9999.9,M, -9999.9,M, -9999.9,M, -9999.9,M,
2008, -9999.9,M, -9999.9,M, -9999.9,M, -9999.9,M, -9999.9,M, -9999.9,M, -9999.9,M, -9999.9,M, -9999.9,M, -9999.9,M, -9999.9,M, -9999.9,M, -9999.9,M, -9999.9,M, -9999.9,M, -9999.9,M, -9999.9,M,
2009, -9999.9,M, -9999.9,M, -9999.9,M, -9999.9,M, -9999.9,M, -9999.9,M, -9999.9,M, -9999.9,M, -9999.9,M, -9999.9,M, -9999.9,M, -9999.9,M, -9999.9,M, -9999.9,M, -9999.9,M, -9999.9,M, -9999.9,M,
2010, -9999.9,M, -9999.9,M, -9999.9,M, -9999.9,M, -9999.9,M, -9999.9,M, -9999.9,M, -9999.9,M, -9999.9,M, -9999.9,M, -9999.9,M, -9999.9,M, -9999.9,M, -9999.9,M, -9999.9,M, -9999.9,M, -9999.9,M,
2011, -9999.9,M, -9999.9,M, -9999.9,M, -9999.9,M, -9999.9,M, -9999.9,M, -9999.9,M, -9999.9,M, -9999.9,M, -9999.9,M, -9999.9,M, -9999.9,M, -9999.9,M, -9999.9,M, -9999.9,M, -9999.9,M, -9999.9,M,
