1182285,DAWSON CREEK             ,BC  ,station joined    , Monthly total of daily adjusted precipitation, mm, Updated to December 2011
1182285,DAWSON CREEK             ,BC  ,station jointe    , Total mensuel des chutes de précipitations quotidiennes ajustées, mm, Mise à jour jusqu à décembre 2011
Year,     Jan, ,     Feb, ,     Mar, ,     Apr, ,     May, ,     Jun, ,     Jul, ,     Aug, ,     Sep, ,     Oct, ,     Nov, ,     Dec, ,  Annual, ,  Winter, ,  Spring, ,  Summer, ,  Autumn
An  ,    Janv, ,     Fév, ,    Mars, ,     Avr, ,     Mai, ,    Juin, ,    Juil, ,    Août, ,    Sept, ,     Oct, ,     Nov, ,     Déc, ,  Annuel, ,   Hiver, ,Printemp, ,     Eté, , Automne
1952, -9999.9,M, -9999.9,M, -9999.9,M, -9999.9,M, -9999.9,M, -9999.9,M, -9999.9,M, -9999.9,M, -9999.9,M,     4.8, ,    27.3, ,    14.4, , -9999.9,M, -9999.9,M, -9999.9,M, -9999.9,M, -9999.9,M,
1953,    74.3, ,    10.7, ,    19.6, ,    15.0, ,    95.0, ,    90.5, ,    53.7, ,    12.5, ,    56.5, ,    15.5, ,    10.3, ,    30.0, ,   483.7, ,    99.5, ,   129.6, ,   156.7, ,    82.3, ,
1954,    43.6, ,    70.5, ,    48.4, ,     6.1, ,    46.8, ,    89.6, ,    74.9, ,    65.5, ,    36.6, ,    23.7, ,    22.5, ,    34.8, ,   563.1, ,   144.1, ,   101.3, ,   230.1, ,    82.8, ,
1955,    13.7, ,    34.8, ,    24.8, ,    28.3, ,    35.1, ,    23.9, ,   184.6, ,     5.9, ,    34.0, ,    38.7, ,    33.4, ,    53.1, ,   510.5, ,    83.3, ,    88.2, ,   214.5, ,   106.2, ,
1956,    34.6, ,    23.3, ,    35.6, ,     5.4, ,     8.9, ,    81.2, ,    83.0, ,    41.8, ,    52.4, ,    27.9, ,    39.7, ,    47.2, ,   481.0, ,   111.1, ,    50.0, ,   205.9, ,   120.0, ,
1957,    26.7, ,    39.3, ,    13.6, ,    27.3, ,    42.7, ,    47.6, ,   144.3, ,   127.6, ,    12.2, ,   130.6, ,    67.8, ,    28.6, ,   708.5, ,   113.3, ,    83.7, ,   319.5, ,   210.7, ,
1958,    15.0, ,    60.3, ,    60.0, ,    14.8, ,    15.7, ,   110.8, ,    17.3, ,    47.6, ,    64.1, ,    16.4, ,    27.5, ,    43.0, ,   492.4, ,   103.8, ,    90.5, ,   175.6, ,   108.1, ,
1959,    52.2, ,    15.0, ,     6.2, ,    34.6, ,    39.3, ,    94.8, ,    12.1, ,    70.3, ,    33.6, ,    83.6, ,    34.8, ,     9.6, ,   486.3, ,   110.2, ,    80.1, ,   177.2, ,   152.1, ,
1960,    16.2, ,    23.8, ,    56.5, ,    23.2, ,   126.4, ,   138.5, ,    15.6, ,    73.2, ,    22.4, ,    24.3, ,    15.5, ,    28.2, ,   563.9, ,    49.6, ,   206.1, ,   227.4, ,    62.1, ,
1961,    16.4, ,    56.0, ,    13.7, ,     9.3, ,    57.2, ,   135.7, ,    37.6, ,    12.9, ,    51.7, ,    25.3, ,    21.5, ,    42.6, ,   480.2, ,   100.7, ,    80.3, ,   186.3, ,    98.6, ,
1962,    52.9, ,     9.6, ,    18.7, ,    43.0, ,    45.1, ,    54.4, ,   117.6, , -9999.9,M, -9999.9,M, -9999.9,M,    52.7, , -9999.9,M, -9999.9,M,   105.1, ,   106.7, , -9999.9,M, -9999.9,M,
1963,    62.0, ,    77.3, , -9999.9,M, -9999.9,M,    22.1, ,    19.1, ,    45.8, ,    44.5, ,    36.1, ,     6.7, , -9999.9,M, -9999.9,M, -9999.9,M, -9999.9,M, -9999.9,M,   109.4, , -9999.9,M,
1964, -9999.9,M, -9999.9,M, -9999.9,M, -9999.9,M, -9999.9,M, -9999.9,M, -9999.9,M, -9999.9,M, -9999.9,M, -9999.9,M, -9999.9,M, -9999.9,M, -9999.9,M, -9999.9,M, -9999.9,M, -9999.9,M, -9999.9,M,
1965, -9999.9,M, -9999.9,M, -9999.9,M, -9999.9,M, -9999.9,M, -9999.9,M, -9999.9,M, -9999.9,M, -9999.9,M, -9999.9,M, -9999.9,M, -9999.9,M, -9999.9,M, -9999.9,M, -9999.9,M, -9999.9,M, -9999.9,M,
1966, -9999.9,M, -9999.9,M, -9999.9,M, -9999.9,M, -9999.9,M, -9999.9,M, -9999.9,M, -9999.9,M, -9999.9,M, -9999.9,M, -9999.9,M, -9999.9,M, -9999.9,M, -9999.9,M, -9999.9,M, -9999.9,M, -9999.9,M,
1967, -9999.9,M, -9999.9,M, -9999.9,M, -9999.9,M, -9999.9,M, -9999.9,M, -9999.9,M, -9999.9,M, -9999.9,M, -9999.9,M, -9999.9,M, -9999.9,M, -9999.9,M, -9999.9,M, -9999.9,M, -9999.9,M, -9999.9,M,
1968, -9999.9,M, -9999.9,M,    46.0, ,    15.1, ,    31.0, ,   124.9, ,    69.5, ,    45.9, ,    30.3, ,    44.8, ,    13.2, ,    29.0, , -9999.9,M, -9999.9,M,    92.1, ,   240.3, ,    88.3, ,
1969,    25.8, ,    20.5, ,    16.3, ,    40.1, ,    21.1, ,    63.3, ,    34.9, ,    60.6, ,   129.6, ,    21.3, ,    48.7, ,     9.6, ,   491.7, ,    75.3, ,    77.5, ,   158.7, ,   199.6, ,
1970,    14.7, ,    11.4, ,    36.8, ,    16.8, ,    19.8, ,    67.6, ,    21.1, ,    59.8, ,    26.6, ,    22.1, ,    36.9, ,    36.8, ,   370.3, ,    35.6, ,    73.4, ,   148.5, ,    85.6, ,
1971,    63.9, ,     5.0, ,    20.7, ,    15.4, ,     2.3, ,   183.6, ,    65.3, ,    39.2, ,   100.6, ,    16.5, ,    35.1, ,    48.2, ,   595.9, ,   105.7, ,    38.4, ,   288.2, ,   152.2, ,
1972,    23.5, ,    69.9, ,    42.6, ,    18.4, ,     3.2, ,    36.7, ,    89.9, ,    90.5, ,    99.3, ,    42.0, ,    55.3, ,    47.4, ,   618.7, ,   141.5, ,    64.3, ,   217.1, ,   196.6, ,
1973,    43.4, ,    39.7, ,    10.3, ,    14.9, ,    17.3, ,    90.0, ,    30.6, ,   115.2, ,    38.5, ,    41.5, ,    37.3, ,    24.8, ,   503.6, ,   130.5, ,    42.5, ,   235.9, ,   117.3, ,
1974,    77.9, ,    19.7, ,    61.5, ,    29.1, ,    46.5, ,    27.2, ,   162.4, ,    51.8, ,    74.1, ,    18.2, ,    21.0, ,    13.5, ,   603.0, ,   122.5, ,   137.1, ,   241.5, ,   113.3, ,
1975,    26.1, ,    17.9, ,    30.2, ,    15.9, ,    52.0, ,    84.0, ,    34.4, ,    58.3, ,    15.2, ,    36.0, ,    39.8, ,    37.3, ,   447.0, ,    57.5, ,    98.2, ,   176.7, ,    91.0, ,
1976,    18.4, ,    28.5, ,    24.0, ,    10.1, ,    70.0, ,   162.2, ,    73.6, ,   165.6, ,    34.9, ,    14.1, ,     5.7, ,    60.4, ,   667.4, ,    84.2, ,   104.0, ,   401.4, ,    54.7, ,
1977,    32.5, ,     6.4, ,    22.8, ,     5.0, ,   122.6, ,    48.7, ,   122.6, ,    34.5, ,    50.4, ,    31.9, ,    15.8, ,    32.1, ,   525.6, ,    99.3, ,   150.5, ,   205.9, ,    98.2, ,
1978,    20.4, ,     5.7, ,    29.1, ,    14.6, ,    43.9, ,    69.1, ,    74.1, ,    57.8, ,    89.2, ,    12.4, ,    22.5, ,    26.3, ,   465.1, ,    58.2, ,    87.5, ,   201.0, ,   124.1, ,
1979,    17.9, ,    88.8, ,     4.8, ,    31.3, ,    43.3, ,    58.3, ,   147.9, ,    67.6, ,    55.6, , -9999.9,M,     2.5, ,    37.0, , -9999.9,M,   133.1, ,    79.4, ,   273.8, , -9999.9,M,
1980,    18.9, ,    23.2, ,    24.9, ,     9.6, ,    46.1, ,   104.0, ,    66.8, ,    92.6, ,    59.1, ,    23.0, ,    13.0, ,   138.4, ,   619.5, ,    79.1, ,    80.6, ,   263.4, ,    95.1, ,
1981,    12.8, ,    14.0, ,    23.0, ,    42.4, ,    46.1, ,    43.6, ,    33.4, ,    25.7, ,    28.0, ,    21.0, ,    26.4, ,    27.6, ,   344.0, ,   165.2, ,   111.5, ,   102.7, ,    75.4, ,
1982,   114.2, ,    39.4, ,    35.3, ,     9.0, ,    29.2, ,    32.6, ,   124.5, ,   126.5, ,    33.9, ,    25.8, ,    25.6, ,    18.9, ,   614.6, ,   181.2, ,    73.4, ,   283.6, ,    85.3, ,
1983,    20.8, ,    28.1, ,    14.9, ,    33.5, ,    14.2, ,   163.7, ,   180.2, ,    19.7, ,    20.6, ,    41.5, ,    30.6, ,    31.7, ,   599.5, ,    67.8, ,    62.6, ,   363.6, ,    92.7, ,
1984,    29.2, ,    13.4, ,    12.9, ,    11.7, ,    88.8, ,    95.4, ,    47.8, ,    62.1, ,    56.5, ,    83.4, ,    29.2, ,    18.2, ,   548.7, ,    74.3, ,   113.5, ,   205.3, ,   169.1, ,
1985,    22.1, ,    26.7, ,    19.9, ,     4.6, ,    10.2, ,    40.1, ,    20.2, ,    49.5, ,   103.8, ,    34.8, ,    42.3, ,    15.0, ,   389.2, ,    67.0, ,    34.6, ,   109.8, ,   180.9, ,
1986,    40.7, ,    24.6, ,    40.6, ,    43.5, ,    47.8, ,    30.6, ,    81.8, ,     9.9, ,    91.3, ,    33.2, ,    57.4, ,     0.9, ,   502.3, ,    80.4, ,   131.9, ,   122.3, ,   181.9, ,
1987,    17.7, ,    25.9, ,    43.0, ,     9.5, ,    48.9, ,    55.6, ,   182.2, ,   140.1, ,     8.0, ,    23.6, ,     9.9, ,    22.7, ,   587.2, ,    44.4, ,   101.5, ,   377.9, ,    41.6, ,
1988,    59.9, ,    29.3, ,    11.1, ,    21.8, ,    31.6, ,   129.3, ,    80.8, ,    46.6, ,    16.9, ,    13.9, ,    26.3, ,    46.0, ,   513.4, ,   111.9, ,    64.5, ,   256.6, ,    57.0, ,
1989,    24.6, ,    11.0, ,    48.3, ,    10.0, ,    28.8, ,    73.6, ,    83.4, ,    96.6, ,    70.3, ,    25.4, ,    25.5, ,    33.4, ,   531.0, ,    81.6, ,    87.1, ,   253.6, ,   121.2, ,
1990,    39.3, ,    25.0, ,    19.1, ,    33.4, ,    68.5, ,   152.3, ,    63.7, ,    40.2, ,     4.2, ,    70.6, ,    68.4, ,    65.4, ,   650.0, ,    97.7, ,   120.9, ,   256.1, ,   143.2, ,
1991,    12.5, ,     6.5, ,    12.8, ,     3.9, ,    44.9, ,   107.9, ,    35.5, ,    52.7, ,    24.4, ,    31.7, ,    60.1, ,    58.5, ,   451.6, ,    84.4, ,    61.7, ,   196.2, ,   116.2, ,
1992,    24.4, ,    36.1, ,     7.8, ,    24.9, ,    19.6, ,    18.0, ,    47.8, ,    20.0, ,    92.5, ,    20.3, ,    13.2, ,    34.9, ,   359.5, ,   119.0, ,    52.4, ,    85.7, ,   125.9, ,
1993,     9.7, ,    16.0, ,    15.0, ,    52.8, ,    13.3, ,   108.2, ,   136.0, ,    45.6, ,    22.7, ,    16.0, ,    24.2, ,    35.4, ,   494.9, ,    60.6, ,    81.0, ,   289.9, ,    62.9, ,
1994,   111.4, ,    69.0, ,     7.2, ,    19.0, ,    16.3, ,   103.1, ,    90.0, ,    63.8, ,    53.6, ,    33.9, ,    31.5, ,    30.8, ,   629.6, ,   215.8, ,    42.5, ,   256.9, ,   118.9, ,
1995,    17.9, ,    31.1, ,    29.9, ,    28.8, ,    26.3, ,    48.7, ,   123.4, ,    18.3, ,    13.9, ,    21.2, ,    99.2, ,    46.6, ,   505.3, ,    79.8, ,    84.9, ,   190.5, ,   134.2, ,
1996,    31.4, ,    17.0, ,    24.1, ,    31.6, ,    77.4, ,    79.5, ,   102.4, ,   131.0, ,    80.0, ,    36.7, ,    91.5, ,    39.2, ,   741.8, ,    95.0, ,   133.0, ,   313.0, ,   208.3, ,
1997,    45.7, ,    33.0, ,    53.0, ,    21.6, ,    41.8, ,   107.3, ,   119.8, ,    58.7, ,    54.0, ,    45.9, ,    15.1, ,    28.2, ,   624.1, ,   117.9, ,   116.4, ,   285.7, ,   115.0, ,
1998,    24.3, ,    18.9, ,    43.1, ,     9.7, ,    37.6, ,    41.0, ,    69.0, ,     9.8, ,    29.6, ,    92.5, ,    33.9, ,    47.3, ,   456.8, ,    71.5, ,    90.4, ,   119.8, ,   156.1, ,
1999,    39.8, ,    37.1, ,    18.6, ,    18.3, ,    17.0, ,    46.7, ,    28.0, ,    47.1, ,    46.0, ,    11.6, ,    42.2, ,    28.3, ,   380.6, ,   124.1, ,    53.8, ,   121.8, ,    99.9, ,
2000,    24.9, ,    17.8, ,    32.8, ,    21.9, ,    41.5, ,    55.8, ,   119.8, ,    82.4, ,    29.9, ,    27.7, ,    10.9, ,    10.1, ,   475.6, ,    71.0, ,    96.3, ,   258.1, ,    68.4, ,
2001,    22.3, ,    11.6, ,    16.0, ,    22.0, ,    49.9, ,   113.7, ,   151.5, ,    29.6, ,    25.6, ,    15.4, ,    45.6, ,    21.8, ,   524.8, ,    44.0, ,    87.9, ,   294.7, ,    86.5, ,
2002,    36.7, ,    19.7, ,    71.6, ,    43.1, ,    42.0, ,    48.9, ,    64.4, ,    30.5, ,    59.0, ,    13.9, ,    31.1, ,     0.4, ,   461.1, ,    78.2, ,   156.7, ,   143.7, ,   104.0, ,
2003,    87.3, ,    49.1, ,    67.4, ,    28.8, ,    21.4, ,    49.2, ,    40.9, ,    71.2, ,    37.2, ,    47.5, ,    27.9, ,     5.0, ,   532.8, ,   136.7, ,   117.6, ,   161.2, ,   112.6, ,
2004,    49.7, ,     6.4, ,    53.2, ,    22.8, ,    18.2, ,    42.4, ,   110.5, ,   116.7, ,    77.0, ,    46.0, ,    21.9, ,    49.8, ,   614.6, ,    61.1, ,    94.2, ,   269.6, ,   144.9, ,
2005,    43.2, ,    12.1, ,    29.9, ,     7.6, ,    41.3, ,    51.4, ,    81.1, ,    37.5, ,    23.3, ,    16.2, ,    16.4, ,    10.5, ,   370.6, ,   105.1, ,    78.8, ,   170.1, ,    55.9, ,
2006,    23.5, ,    34.6, ,    20.3, ,    16.5, ,    57.4, , -9999.9,M, -9999.9,M, -9999.9,M, -9999.9,M, -9999.9,M, -9999.9,M, -9999.9,M, -9999.9,M,    68.6, ,    94.2, , -9999.9,M, -9999.9,M,
2007, -9999.9,M, -9999.9,M, -9999.9,M, -9999.9,M, -9999.9,M, -9999.9,M, -9999.9,M, -9999.9,M, -9999.9,M, -9999.9,M, -9999.9,M, -9999.9,M, -9999.9,M, -9999.9,M, -9999.9,M, -9999.9,M, -9999.9,M,
2008, -9999.9,M, -9999.9,M, -9999.9,M, -9999.9,M, -9999.9,M, -9999.9,M, -9999.9,M, -9999.9,M, -9999.9,M, -9999.9,M, -9999.9,M, -9999.9,M, -9999.9,M, -9999.9,M, -9999.9,M, -9999.9,M, -9999.9,M,
2009, -9999.9,M, -9999.9,M, -9999.9,M, -9999.9,M, -9999.9,M, -9999.9,M, -9999.9,M, -9999.9,M, -9999.9,M, -9999.9,M, -9999.9,M, -9999.9,M, -9999.9,M, -9999.9,M, -9999.9,M, -9999.9,M, -9999.9,M,
2010, -9999.9,M, -9999.9,M, -9999.9,M, -9999.9,M, -9999.9,M, -9999.9,M, -9999.9,M, -9999.9,M, -9999.9,M, -9999.9,M, -9999.9,M, -9999.9,M, -9999.9,M, -9999.9,M, -9999.9,M, -9999.9,M, -9999.9,M,
2011, -9999.9,M, -9999.9,M, -9999.9,M, -9999.9,M, -9999.9,M, -9999.9,M, -9999.9,M, -9999.9,M, -9999.9,M, -9999.9,M, -9999.9,M, -9999.9,M, -9999.9,M, -9999.9,M, -9999.9,M, -9999.9,M, -9999.9,M,
