1114745,LYTTON 2                 ,BC  ,station joined    , Monthly total of daily adjusted precipitation, mm, Updated to December 2010
1114745,LYTTON 2                 ,BC  ,station jointe    , Total mensuel des chutes de précipitations quotidiennes ajustées, mm, Mise à jour jusqu à décembre 2010
Year,     Jan, ,     Feb, ,     Mar, ,     Apr, ,     May, ,     Jun, ,     Jul, ,     Aug, ,     Sep, ,     Oct, ,     Nov, ,     Dec, ,  Annual, ,  Winter, ,  Spring, ,  Summer, ,  Autumn
An  ,    Janv, ,     Fév, ,    Mars, ,     Avr, ,     Mai, ,    Juin, ,    Juil, ,    Août, ,    Sept, ,     Oct, ,     Nov, ,     Déc, ,  Annuel, ,   Hiver, ,Printemp, ,     Eté, , Automne
1917,    12.3, ,    13.6, ,    35.3, ,    20.7, ,     7.2, ,    19.3, ,     0.0, ,    14.1, ,    11.4, ,     6.5, ,    55.7, ,    93.4, ,   289.4, , -9999.9,M,    63.2, ,    33.4, ,    73.6, ,
1918,    50.1, ,    44.9, ,    76.0, ,    12.9, ,    22.6, ,     3.0, ,     8.2, ,    34.9, ,     6.9, ,    33.3, ,    51.1, ,   102.6, ,   446.5, ,   188.4, ,   111.5, ,    46.1, ,    91.3, ,
1919,   152.2, ,    57.6, ,    29.7, ,    21.3, ,    15.2, ,    23.1, ,     8.6, ,    10.4, ,    18.3, ,    19.7, ,    58.7, ,    79.5, ,   494.5, ,   312.4, ,    66.2, ,    42.2, ,    96.7, ,
1920,    40.3, ,     9.6, ,    30.9, ,    31.9, ,     4.1, ,     4.6, ,    25.9, ,    19.7, ,    42.9, ,    95.9, ,    60.9, ,    85.3, ,   452.2, ,   129.4, ,    67.0, ,    50.2, ,   199.7, ,
1921,   126.2, ,    33.8, , -9999.9,M, -9999.9,M, -9999.9,M, -9999.9,M, -9999.9,M, -9999.9,M, -9999.9,M, -9999.9,M,    41.0, , -9999.9,M, -9999.9,M,   245.3, , -9999.9,M, -9999.9,M, -9999.9,M,
1922, -9999.9,M, -9999.9,M, -9999.9,M, -9999.9,M, -9999.9,M, -9999.9,M, -9999.9,M, -9999.9,M, -9999.9,M, -9999.9,M, -9999.9,M, -9999.9,M, -9999.9,M, -9999.9,M, -9999.9,M, -9999.9,M, -9999.9,M,
1923, -9999.9,M, -9999.9,M, -9999.9,M, -9999.9,M, -9999.9,M, -9999.9,M, -9999.9,M, -9999.9,M, -9999.9,M, -9999.9,M, -9999.9,M, -9999.9,M, -9999.9,M, -9999.9,M, -9999.9,M, -9999.9,M, -9999.9,M,
1924, -9999.9,M, -9999.9,M, -9999.9,M, -9999.9,M, -9999.9,M, -9999.9,M, -9999.9,M, -9999.9,M, -9999.9,M, -9999.9,M, -9999.9,M, -9999.9,M, -9999.9,M, -9999.9,M, -9999.9,M, -9999.9,M, -9999.9,M,
1925, -9999.9,M, -9999.9,M, -9999.9,M, -9999.9,M, -9999.9,M, -9999.9,M, -9999.9,M, -9999.9,M, -9999.9,M, -9999.9,M, -9999.9,M, -9999.9,M, -9999.9,M, -9999.9,M, -9999.9,M, -9999.9,M, -9999.9,M,
1926,    16.9, ,    78.2, ,    11.8, ,     6.4, ,     8.2, ,    25.9, ,     2.6, ,    21.7, ,    15.7, ,    41.9, ,    37.5, ,    47.0, ,   313.7, , -9999.9,M,    26.4, ,    50.2, ,    95.0, ,
1927,    51.0, ,    61.8, ,    28.5, ,    19.1, ,    17.6, ,    12.4, ,    15.3, ,    25.2, ,    67.4, ,    87.4, ,    53.4, ,    24.8, ,   463.6, ,   159.8, ,    65.1, ,    52.8, ,   208.1, ,
1928,    23.5, ,     8.8, ,    30.9, ,    10.7, ,     8.2, ,    28.3, ,    16.7, ,    16.4, ,    29.2, ,    29.1, ,    16.7, ,    73.4, ,   291.7, ,    57.0, ,    49.9, ,    61.3, ,    74.9, ,
1929,    22.1, ,    11.5, ,    20.2, ,    13.0, ,    15.1, ,    19.8, ,     6.0, ,     0.6, ,     6.6, ,    19.7, ,    33.9, ,   105.2, ,   273.6, ,   106.9, ,    48.3, ,    26.4, ,    60.2, ,
1930,    34.8, ,   132.2, ,    34.6, ,    66.5, ,    24.6, ,    15.1, ,     5.7, ,     0.6, ,    26.1, ,    25.1, ,    25.9, ,    13.8, ,   404.9, ,   272.1, ,   125.7, ,    21.3, ,    77.1, ,
1931,   104.0, ,    74.6, ,    39.9, ,    26.2, ,     6.5, ,    68.1, ,     1.3, ,     6.1, ,    25.4, ,    22.4, ,    73.3, ,   104.1, ,   551.9, ,   192.3, ,    72.5, ,    75.6, ,   121.0, ,
1932,    50.7, ,    54.3, ,    39.3, ,    20.1, ,     3.2, ,    18.2, ,    20.8, ,    65.8, ,    18.7, ,    37.7, ,   146.2, ,    64.0, ,   539.0, ,   209.1, ,    62.6, ,   104.8, ,   202.6, ,
1933,    88.8, ,    31.9, ,    35.9, ,    13.1, ,    37.6, ,     0.1, ,    14.3, ,    13.8, ,    68.8, ,    65.0, ,    12.3, ,   211.3, ,   592.9, ,   184.7, ,    86.7, ,    28.3, ,   146.0, ,
1934,   117.2, ,    49.9, ,    37.7, ,     0.0, ,    32.6, ,     9.4, ,    32.8, ,    12.3, ,    30.0, ,    52.7, ,    78.0, ,    73.4, ,   526.1, ,   378.4, ,    70.2, ,    54.5, ,   160.8, ,
1935,   152.2, ,    31.7, ,    14.5, ,     4.0, ,    11.2, ,     4.7, ,    42.1, ,    19.2, ,    26.0, ,    29.8, ,    15.6, ,    36.0, ,   386.9, ,   257.3, ,    29.6, ,    66.0, ,    71.5, ,
1936,    32.7, ,    38.7, ,    21.8, ,     7.9, ,    38.6, ,    79.7, ,    13.4, ,    65.8, ,    19.7, ,    10.1, ,     8.4, ,   116.5, ,   453.4, ,   107.4, ,    68.3, ,   158.9, ,    38.3, ,
1937,    28.9, ,    47.7, ,     4.5, ,    64.9, ,    13.0, ,    24.7, ,    19.9, ,    10.1, ,    37.9, ,    60.7, ,    58.2, ,   139.3, ,   509.7, ,   193.2, ,    82.4, ,    54.7, ,   156.8, ,
1938,    27.4, ,    57.9, ,    24.3, ,    22.3, ,     5.2, ,    10.3, ,    15.8, ,    71.1, ,    24.9, ,    70.0, ,     9.4, ,    58.8, ,   397.3, ,   224.5, ,    51.8, ,    97.2, ,   104.3, ,
1939,    61.1, ,    11.7, ,     5.6, ,    16.1, ,    48.3, ,    63.9, ,     9.1, ,     0.3, ,    56.6, ,    41.1, ,    84.0, ,   276.7, ,   674.7, ,   131.6, ,    70.1, ,    73.3, ,   181.8, ,
1940,    38.5, ,    56.5, ,    25.3, ,    12.5, ,    42.6, ,     0.1, ,     7.2, ,     0.6, ,    24.5, ,    77.4, ,    50.1, ,   100.9, ,   436.3, ,   371.7, ,    80.4, ,     8.0, ,   152.0, ,
1941,    51.8, ,    20.7, ,     2.6, ,    22.2, ,    96.0, ,    57.6, ,    27.8, ,    55.9, ,    61.3, ,    47.3, ,    92.0, ,   179.7, ,   714.8, ,   173.4, ,   120.8, ,   141.3, ,   200.6, ,
1942,    19.6, ,    12.1, ,     7.7, ,    12.8, ,    65.0, ,    29.5, ,    32.2, ,     9.3, ,    28.2, ,    23.7, ,    97.9, ,    94.8, ,   432.8, ,   211.4, ,    85.6, ,    70.9, ,   149.8, ,
1943,    39.9, ,    37.3, ,    28.2, ,    46.6, ,    15.9, ,    30.1, ,    31.2, ,     1.9, ,    12.0, ,    96.1, ,    15.3, ,    17.1, ,   371.4, ,   172.0, ,    90.6, ,    63.2, ,   123.4, ,
1944, -9999.9,M, -9999.9,M,    20.8, ,     7.1, ,    23.9, ,    42.6, ,    25.2, ,    25.2, ,    34.3, ,    10.6, ,    90.8, ,    33.2, , -9999.9,M, -9999.9,M,    51.8, ,    93.0, ,   135.8, ,
1945,    16.7, ,    51.3, ,    49.1, ,    14.0, ,    42.3, ,    36.3, ,    22.2, ,     3.4, ,    25.6, ,    76.8, ,   117.9, ,    81.9, ,   537.4, ,   101.2, ,   105.4, ,    61.8, ,   220.3, ,
1946,    56.8, ,    47.4, ,    19.8, ,    15.4, ,     8.6, ,    54.2, ,     1.1, ,    11.4, ,     5.1, ,    32.5, ,    55.5, ,    66.1, ,   373.9, ,   186.0, ,    43.8, ,    66.7, ,    93.1, ,
1947,    38.0, ,    52.0, ,    14.9, ,    12.7, ,    28.3, ,    43.3, ,     9.8, ,    15.9, ,    11.1, ,   112.3, ,    25.5, ,    98.5, ,   462.2, ,   156.1, ,    55.9, ,    69.0, ,   148.8, ,
1948,    69.1, ,    92.6, ,    40.5, ,    17.4, ,    33.0, ,    29.2, ,    29.9, ,    37.8, ,    26.8, ,    53.2, ,   103.9, ,    63.0, ,   596.4, ,   260.1, ,    90.9, ,    96.9, ,   183.9, ,
1949,    11.8, ,    46.6, ,    13.4, ,    40.5, ,    11.3, ,    30.2, ,    14.8, ,     2.6, ,    28.7, ,    22.0, ,   123.1, ,   106.4, ,   451.3, ,   121.3, ,    65.2, ,    47.7, ,   173.8, ,
1950,    42.3, ,    98.9, ,    52.7, ,    27.0, ,    17.2, ,    13.4, ,     3.8, ,     4.7, ,    18.6, ,   122.8, ,   135.7, ,   113.3, ,   650.5, ,   247.6, ,    96.9, ,    21.9, ,   277.2, ,
1951,   159.8, ,    81.0, ,    20.7, ,     0.6, ,     5.1, ,    28.0, ,     9.7, ,    29.5, ,    27.2, ,    77.6, ,   113.5, ,    66.3, ,   619.1, ,   354.1, ,    26.4, ,    67.3, ,   218.3, ,
1952,    53.5, ,    46.9, ,     5.2, ,    44.9, ,     5.3, ,    23.6, ,    18.0, ,    13.0, ,    18.1, ,     3.9, ,    27.3, ,    72.8, ,   332.7, ,   166.8, ,    55.5, ,    54.6, ,    49.3, ,
1953,   205.0, ,    24.6, ,    34.1, ,    18.3, ,     1.6, ,    31.2, ,     3.0, ,    22.9, ,    74.2, ,    20.6, ,    65.2, ,    45.7, ,   546.5, ,   302.4, ,    54.0, ,    57.1, ,   160.0, ,
1954,   105.4, ,    97.3, ,    29.2, ,    20.5, ,     3.6, ,    23.2, ,    21.6, ,    86.2, ,    47.6, ,    23.3, ,    79.2, ,    77.8, ,   615.1, ,   248.4, ,    53.4, ,   131.1, ,   150.1, ,
1955,    20.3, ,    24.7, ,    32.0, ,    17.2, ,    15.3, ,     6.0, ,    22.7, ,     8.3, ,    20.6, ,   115.5, ,   134.1, ,   125.2, ,   542.0, ,   122.8, ,    64.5, ,    37.0, ,   270.2, ,
1956,   112.1, ,    43.5, ,    74.3, ,     8.3, ,     1.4, ,    46.5, ,     3.6, ,    52.9, ,    20.8, ,   100.1, ,     8.1, ,    57.4, ,   529.0, ,   280.8, ,    83.9, ,   103.0, ,   129.0, ,
1957,    21.4, ,   103.3, ,    23.4, ,    18.5, ,    46.3, ,    12.5, ,    13.8, ,    16.0, ,     4.9, ,    58.4, ,    19.2, ,    88.5, ,   426.1, ,   182.0, ,    88.2, ,    42.3, ,    82.5, ,
1958,    76.5, ,    48.9, ,    27.2, ,    27.6, ,     0.3, ,    28.4, ,     9.3, ,    13.2, ,    16.5, ,    33.1, ,    61.5, ,    89.5, ,   432.1, ,   213.9, ,    55.1, ,    51.0, ,   111.1, ,
1959,   139.0, ,    27.3, ,    28.8, ,    30.5, ,    37.9, ,    25.7, ,     2.4, ,    15.4, ,    39.7, ,    59.4, ,    48.4, ,    49.9, ,   504.5, ,   255.8, ,    97.3, ,    43.5, ,   147.6, ,
1960,    59.6, ,    32.5, ,    59.3, ,    28.0, ,    17.7, ,    10.8, ,     2.3, ,     6.1, ,    10.7, ,    58.8, ,    79.9, ,    49.1, ,   414.6, ,   141.9, ,   104.9, ,    19.2, ,   149.5, ,
1961,   140.3, ,   104.6, ,    31.0, ,     8.8, ,    43.4, ,     1.6, ,    27.4, ,    33.0, ,    50.0, ,    57.5, ,    59.0, ,    82.8, ,   639.4, ,   293.9, ,    83.2, ,    62.0, ,   166.5, ,
1962,    33.5, ,     6.1, ,    19.9, ,    26.3, ,    35.6, ,    15.6, ,    12.3, ,    45.1, ,    35.6, ,    62.5, ,   147.3, ,    82.8, ,   522.4, ,   122.4, ,    81.8, ,    72.9, ,   245.3, ,
1963,     7.6, ,   128.2, ,    25.7, ,    18.2, ,    24.1, ,    24.0, ,    28.6, ,    22.4, ,    16.3, ,   134.8, ,    78.8, ,    74.5, ,   583.1, ,   218.6, ,    68.0, ,    74.9, ,   229.8, ,
1964,   113.5, ,    13.7, ,    28.7, ,    29.6, ,     8.5, ,    29.9, ,    10.0, ,    31.6, ,    71.1, ,    22.6, ,    49.9, ,    60.4, ,   469.4, ,   201.7, ,    66.8, ,    71.4, ,   143.6, ,
1965,   126.2, ,    68.8, ,     5.0, ,    45.7, ,    16.7, ,     2.4, ,     5.5, ,    46.9, ,    16.2, ,    49.9, ,    82.7, ,   122.9, ,   589.0, ,   255.5, ,    67.4, ,    54.8, ,   148.7, ,
1966,   111.6, ,     9.1, ,    47.5, ,    27.4, ,     5.8, ,    24.4, ,    39.1, ,     9.8, ,    19.6, ,    40.0, ,    72.8, ,    94.9, ,   501.9, ,   243.5, ,    80.7, ,    73.3, ,   132.4, ,
1967,   101.6, ,    20.9, ,    61.3, ,    10.7, ,    13.1, ,    27.9, ,    11.4, ,     9.1, ,    14.9, ,   101.0, ,    22.4, ,   118.6, ,   512.9, ,   217.5, ,    85.1, ,    48.4, ,   138.3, ,
1968,   158.5, ,    62.8, ,    44.8, ,    23.3, ,    11.5, ,    26.5, ,    15.7, ,    16.2, ,    27.5, ,    22.4, ,    88.5, ,   154.9, ,   652.5, ,   339.8, ,    79.6, ,    58.4, ,   138.4, ,
1969,    88.0, ,    74.7, ,    13.8, ,    21.4, ,    12.3, ,    18.3, ,    33.9, ,     3.1, ,    34.3, ,    14.3, ,    28.6, ,   133.8, ,   476.5, ,   317.6, ,    47.4, ,    55.3, ,    77.2, ,
1970,    81.7, ,    12.6, ,    29.2, ,    33.7, ,     7.1, ,     4.9, ,     4.8, ,     5.7, ,     7.3, ,    14.4, ,    80.4, ,   172.3, ,   454.1, ,   228.1, ,    70.0, ,    15.4, ,   102.2, ,
1971,   175.2, ,    61.4, ,    79.1, ,    21.8, ,    18.7, ,    16.0, ,    37.7, ,    10.7, ,    39.2, ,    29.0, ,    62.8, ,   123.8, ,   675.3, ,   408.8, ,   119.6, ,    64.4, ,   130.9, ,
1972,   104.2, ,   148.9, ,    58.9, ,    32.3, ,    23.1, ,    39.3, ,    12.6, ,    30.2, ,    69.7, ,    13.2, ,    22.2, ,    94.5, ,   649.2, ,   376.9, ,   114.4, ,    82.1, ,   105.1, ,
1973,    76.2, ,    19.6, ,    33.1, ,     6.0, ,     4.5, ,     6.3, ,     1.5, ,    20.4, ,     9.4, ,    36.5, ,   161.3, ,    76.5, ,   451.4, ,   190.3, ,    43.6, ,    28.2, ,   207.2, ,
1974,   205.5, ,    48.6, ,    50.4, ,    17.2, ,     9.3, ,     9.0, ,    17.5, ,    34.7, ,     4.7, ,    42.0, ,    86.7, ,    57.1, ,   582.7, ,   330.6, ,    76.9, ,    61.2, ,   133.4, ,
1975,    79.2, ,    63.2, ,    31.7, ,    36.8, ,    18.3, ,    16.3, ,     8.0, ,    27.1, ,     5.8, ,    98.8, ,   135.9, ,    95.9, ,   616.8, ,   199.5, ,    86.7, ,    51.3, ,   240.4, ,
1976,    66.5, ,    65.5, ,    28.5, ,     5.8, ,    28.3, ,    16.0, ,     8.9, ,    32.5, ,     2.9, ,     9.6, ,    41.9, ,    33.8, ,   340.2, ,   227.9, ,    62.6, ,    57.4, ,    54.4, ,
1977,    36.1, ,    19.8, ,    37.8, ,     6.6, ,    13.8, ,    10.7, ,     6.4, ,    11.3, ,    31.3, ,    51.1, ,    88.4, ,    67.2, ,   380.6, ,    89.7, ,    58.1, ,    28.5, ,   170.9, ,
1978,    61.4, ,    30.0, ,    42.5, ,    26.7, ,    14.1, ,     6.9, ,    12.4, ,    25.8, ,    50.1, ,    17.8, ,    39.7, ,    32.6, ,   360.0, ,   158.7, ,    83.3, ,    45.1, ,   107.6, ,
1979,    16.9, ,    69.8, ,    12.1, ,    21.7, ,    11.5, ,    12.9, ,     6.4, ,    12.9, ,    37.8, ,    57.3, ,     8.9, ,   130.9, ,   399.0, ,   119.2, ,    45.3, ,    32.2, ,   104.0, ,
1980,    51.3, ,    54.9, ,    29.1, ,    33.4, ,    50.0, ,    99.8, ,     8.2, ,    25.8, ,    34.9, ,    11.8, ,   124.2, ,    95.1, ,   618.5, ,   237.1, ,   112.5, ,   133.7, ,   170.8, ,
1981,    45.6, ,    87.7, ,    28.3, ,    21.8, ,    30.6, ,    26.8, ,    23.2, ,     8.7, ,    20.6, ,    45.7, ,    65.9, ,   158.7, ,   563.6, ,   228.4, ,    80.7, ,    58.7, ,   132.3, ,
1982,    71.6, ,    50.3, ,    22.5, ,    23.1, ,     6.7, ,    17.6, ,    46.9, ,     7.7, ,    21.6, ,    65.0, ,    32.9, ,   115.4, ,   481.5, ,   280.6, ,    52.4, ,    72.3, ,   119.5, ,
1983,    72.8, ,    57.5, ,    34.9, ,    44.4, ,    17.4, ,    39.9, ,    13.2, ,    19.3, ,    36.3, ,    25.1, ,    75.3, ,    31.1, ,   467.0, ,   245.7, ,    96.7, ,    72.3, ,   136.7, ,
1984,    57.1, ,    22.3, ,    18.4, ,     7.7, ,    24.3, ,    37.0, ,     4.4, ,    10.4, ,    26.0, ,    51.6, ,   105.0, ,    49.4, ,   413.5, ,   110.5, ,    50.4, ,    51.8, ,   182.6, ,
1985,     9.1, ,    35.7, ,    23.9, ,    22.1, ,    36.2, ,    16.3, ,     1.4, ,    13.6, ,    49.7, ,    77.7, ,    11.8, ,     9.1, ,   306.6, ,    94.2, ,    82.2, ,    31.3, ,   139.2, ,
1986,   143.3, ,    81.2, ,    33.3, ,    32.1, ,    21.9, ,    13.9, ,    43.5, ,     2.2, ,    35.8, ,    30.4, ,    98.8, ,    57.3, ,   593.8, ,   233.6, ,    87.3, ,    59.7, ,   165.0, ,
1987,   101.1, ,    24.0, ,    58.6, ,    15.0, ,    21.2, ,     3.2, ,    38.5, ,    25.0, ,    20.4, ,     3.5, ,    10.9, ,   126.6, ,   448.0, ,   182.4, ,    94.8, ,    66.7, ,    34.9, ,
1988,    50.4, ,    22.0, ,    31.9, ,    32.1, ,    16.0, ,    30.5, ,    17.3, ,    37.0, ,    47.1, ,    21.5, ,    65.0, ,    47.4, ,   418.3, ,   199.0, ,    79.9, ,    84.9, ,   133.7, ,
1989, -9999.9,M,    29.9, ,    69.7, ,    14.3, ,    31.3, ,     5.5, ,    22.4, ,    27.4, ,    29.2, ,    42.2, ,    34.2, ,    33.8, , -9999.9,M, -9999.9,M,   115.2, ,    55.4, ,   105.5, ,
1990,    54.2, ,    30.9, ,    16.9, ,    20.5, ,    40.9, ,    16.7, ,    15.6, ,    24.5, ,    31.8, ,    85.7, ,   148.3, ,    65.7, ,   551.8, ,   118.8, ,    78.4, ,    56.8, ,   265.8, ,
1991,    39.7, ,    95.5, ,    37.3, ,    36.3, ,    20.1, ,    22.3, ,     6.8, ,   130.0, ,    19.6, ,    36.4, ,    97.8, ,    42.1, ,   584.0, ,   200.9, ,    93.7, ,   159.0, ,   153.9, ,
1992,   127.0, ,    27.5, ,    17.0, ,    26.7, ,    18.8, ,    61.9, ,    38.7, ,     2.2, ,    44.4, ,    43.3, ,    50.2, ,    20.3, ,   478.0, ,   196.7, ,    62.5, ,   102.8, ,   137.9, ,
1993,    55.6, ,     1.5, ,    21.3, , -9999.9,M,    34.2, ,    33.1, ,    57.8, ,    33.0, ,    22.4, ,    62.0, ,    21.6, ,   109.4, , -9999.9,M,    77.4, , -9999.9,M,   123.9, ,   105.9, ,
1994,    38.3, ,    60.4, ,    56.4, ,    25.2, ,     6.7, ,    21.9, ,     7.0, ,    22.8, ,     4.5, ,    56.7, , -9999.9,M,    86.3, , -9999.9,M,   208.1, ,    88.3, ,    51.7, , -9999.9,M,
1995,    39.1, ,    27.7, ,    49.0, ,    12.1, ,     3.7, ,    12.8, ,    34.4, ,    31.5, ,    12.5, ,    31.9, ,   114.8, ,    54.5, ,   424.1, ,   153.2, ,    64.9, ,    78.8, ,   159.1, ,
1996,    31.6, ,    48.1, ,    14.4, ,    29.0, ,    18.7, ,     5.1, ,     3.9, ,    27.1, ,    22.9, ,    84.4, ,    64.7, ,   148.7, ,   498.8, ,   134.2, ,    62.2, ,    36.1, ,   172.0, ,
1997,    69.8, ,     7.7, ,    67.8, ,    29.3, ,    42.9, ,    20.5, ,     7.1, ,     2.3, ,    46.1, ,    80.6, ,    62.0, ,    44.8, ,   480.8, ,   226.2, ,   140.0, ,    29.9, ,   188.6, ,
1998,    69.8, ,    58.7, ,    12.4, ,     2.8, ,    25.8, ,    29.9, ,    31.9, ,     0.0, ,     5.7, ,    17.0, ,    92.0, , -9999.9,M, -9999.9,M,   173.3, ,    40.9, ,    61.8, ,   114.7, ,
1999,   151.0, ,   102.3, ,    33.7, , -9999.9,M, -9999.9,M,     4.1, ,    73.3, ,     8.7, ,     7.7, ,    23.8, ,   118.5, ,    39.8, , -9999.9,M, -9999.9,M, -9999.9,M,    86.1, ,   150.0, ,
2000,    54.3, ,    24.0, ,    11.2, , -9999.9,M,    51.3, ,    28.7, ,    18.2, ,     7.8, ,     6.6, ,    51.0, ,     9.4, ,    35.7, , -9999.9,M,   118.1, , -9999.9,M,    54.7, ,    67.0, ,
2001,    25.4, ,    13.4, ,    24.5, , -9999.9,M, -9999.9,M, -9999.9,M, -9999.9,M, -9999.9,M, -9999.9,M, -9999.9,M, -9999.9,M, -9999.9,M, -9999.9,M,    74.5, , -9999.9,M, -9999.9,M, -9999.9,M,
2002,   104.6, ,    55.2, ,    21.0, ,    38.1, ,    31.8, ,    12.0, ,    17.7, ,    41.0, ,    20.9, ,     7.7, ,    23.8, ,   158.9, ,   532.8, , -9999.9,M,    90.9, ,    70.8, ,    52.5, ,
2003,   111.4, ,     4.5, ,    91.0, ,    35.0, ,    17.4, ,    23.8, ,     0.0, ,     9.9, ,    11.4, ,   124.1, ,    52.5, ,    95.1, ,   576.1, ,   274.8, ,   143.3, ,    33.8, ,   188.1, ,
2004,    66.4, ,    15.3, ,    17.8, ,     4.3, ,    28.8, ,     1.1, ,    31.1, ,    21.1, ,    51.8, ,    54.6, ,    34.6, ,    79.3, ,   406.0, ,   176.7, ,    51.0, ,    53.2, ,   141.0, ,
2005, -9999.9,M,    28.7, ,    59.8, ,    12.4, ,    29.0, ,    51.9, ,    11.7, ,    24.4, ,    37.3, ,    30.2, ,    45.4, ,   108.0, , -9999.9,M, -9999.9,M,   101.1, ,    88.0, ,   113.0, ,
2006,   161.8, ,    40.1, ,     7.5, ,    13.8, ,    37.7, ,    43.5, ,     0.3, ,    14.7, ,    25.6, ,    33.4, ,   156.1, ,   117.8, ,   652.2, ,   309.9, ,    58.9, ,    58.5, ,   215.1, ,
2007,    65.5, ,    20.5, , -9999.9,M, -9999.9,M, -9999.9,M, -9999.9,M, -9999.9,M, -9999.9,M, -9999.9,M, -9999.9,M, -9999.9,M,   157.3, , -9999.9,M,   203.9, , -9999.9,M, -9999.9,M, -9999.9,M,
2008,   109.1, ,    17.1, ,    22.6, ,     5.3, ,    28.4, ,    43.0, , -9999.9,M, -9999.9,M,    33.8, , -9999.9,M,    41.0, ,    34.8, , -9999.9,M,   283.6, ,    56.3, , -9999.9,M, -9999.9,M,
2009,    14.4, ,    24.3, ,    57.9, ,    15.9, ,    14.1, ,    26.6, ,    19.9, , -9999.9,M,    13.9, ,    71.2, ,   263.5, ,    63.7, , -9999.9,M,    73.5, ,    87.9, , -9999.9,M,   348.6, ,
2010,    90.3, ,    31.4, ,    68.4, ,    36.4, ,    64.7, ,    23.4, ,    24.5, ,    32.7, ,    53.0, ,    28.7, ,    54.9, ,   108.5, ,   617.0, ,   185.5, ,   169.5, ,    80.6, ,   136.6, ,
