2101135,TUCHITUA                 ,YT  ,station not joined, Monthly total of daily adjusted precipitation, mm, Updated to December 2010
2101135,TUCHITUA                 ,YT  ,station pas jointe, Total mensuel des chutes de précipitations quotidiennes ajustées, mm, Mise à jour jusqu à décembre 2010
Year,     Jan, ,     Feb, ,     Mar, ,     Apr, ,     May, ,     Jun, ,     Jul, ,     Aug, ,     Sep, ,     Oct, ,     Nov, ,     Dec, ,  Annual, ,  Winter, ,  Spring, ,  Summer, ,  Autumn
An  ,    Janv, ,     Fév, ,    Mars, ,     Avr, ,     Mai, ,    Juin, ,    Juil, ,    Août, ,    Sept, ,     Oct, ,     Nov, ,     Déc, ,  Annuel, ,   Hiver, ,Printemp, ,     Eté, , Automne
1967,    55.9, ,    71.9, ,    38.1, ,    33.7, ,    54.6, ,    13.7, ,    54.7, ,    26.3, ,    39.6, ,    30.7, ,    46.5, ,    34.6, ,   500.4, , -9999.9,M,   126.4, ,    94.7, ,   116.8, ,
1968,    57.8, ,    46.7, ,    21.5, ,    33.6, ,     7.7, ,    82.3, ,   128.4, ,    71.6, ,    72.8, ,    73.0, ,    58.1, ,    32.5, ,   685.8, ,   139.1, ,    62.8, ,   282.3, ,   203.8, ,
1969,    17.3, ,    33.4, ,    50.7, ,    39.6, ,    11.8, ,    23.7, ,    53.3, ,    91.5, ,    64.2, ,    22.0, ,    93.9, ,    40.8, ,   542.3, ,    83.2, ,   102.1, ,   168.5, ,   180.1, ,
1970,    44.6, ,    51.3, ,    19.0, ,    27.3, ,    19.6, ,    42.7, ,    73.7, ,    53.7, ,    66.1, ,    58.2, ,    35.1, ,    68.6, ,   559.9, ,   136.7, ,    65.9, ,   170.1, ,   159.3, ,
1971,    53.2, ,    46.6, ,    30.8, ,    66.8, ,    74.8, ,    42.2, ,    17.3, ,    35.8, ,    71.8, ,    57.7, ,    75.0, ,    52.4, ,   624.4, ,   168.4, ,   172.3, ,    95.3, ,   204.6, ,
1972,    73.9, ,    53.8, ,    60.8, ,    53.5, ,    67.3, ,    68.5, ,    55.8, ,    36.0, ,    29.3, ,    53.8, ,    41.7, ,    33.2, ,   627.5, ,   180.0, ,   181.5, ,   160.4, ,   124.8, ,
1973,    75.0, ,    37.4, ,    19.4, ,    17.4, ,    46.6, ,    86.8, ,    55.7, ,    72.8, ,    38.4, ,    44.7, ,    53.1, ,    51.5, ,   598.7, ,   145.6, ,    83.4, ,   215.3, ,   136.2, ,
1974,    26.0, ,    35.5, ,    44.9, ,     7.5, ,    83.9, ,    75.7, ,    91.2, ,    38.5, ,    58.8, ,    95.7, ,    32.7, ,    83.0, ,   673.3, ,   112.9, ,   136.3, ,   205.4, ,   187.1, ,
1975,    45.5, ,    35.6, ,    43.6, ,    18.0, ,    17.9, ,    59.8, ,    55.4, ,    50.2, , -9999.9,M,    36.5, ,    19.8, ,    56.1, , -9999.9,M,   164.0, ,    79.6, ,   165.3, , -9999.9,M,
1976, -9999.9,M,    46.2, ,    24.7, ,    35.5, ,    50.1, ,    79.7, ,    82.7, ,    42.8, ,    34.4, ,    20.7, ,    20.8, ,    52.1, , -9999.9,M, -9999.9,M,   110.2, ,   205.3, ,    75.8, ,
1977,    28.8, ,    24.4, ,     9.8, ,     7.9, ,    70.0, ,    44.7, ,    63.0, ,    18.9, ,    56.6, ,    30.0, ,    49.9, ,    13.5, ,   417.6, ,   105.3, ,    87.8, ,   126.6, ,   136.5, ,
1978,    14.1, ,    13.8, ,    12.0, ,    12.1, ,    15.4, ,    21.6, ,    43.1, ,    59.7, ,    26.5, ,    56.1, ,    48.4, ,    60.9, ,   383.7, ,    41.4, ,    39.5, ,   124.5, ,   131.1, ,
1979,    30.7, ,    23.3, ,    35.4, ,    10.4, ,    26.0, ,    54.4, ,   108.2, , -9999.9,M,    20.2, ,    16.7, ,    23.9, ,    45.0, , -9999.9,M,   114.9, ,    71.9, , -9999.9,M,    60.8, ,
1980,    24.8, ,    15.9, ,    23.5, ,     6.0, ,    29.0, ,    70.8, ,   109.6, ,    36.6, ,   102.1, ,    43.2, ,    30.4, ,    40.6, ,   532.7, ,    85.8, ,    58.5, ,   217.0, ,   175.7, ,
1981,    16.8, ,    40.1, ,     0.8, ,    32.6, ,    28.0, ,    96.7, ,    40.8, ,    55.6, ,    69.8, ,    24.8, ,    54.2, ,    16.7, ,   477.1, ,    97.5, ,    61.4, ,   193.2, ,   148.9, ,
1982,    16.8, ,     8.0, ,     4.6, , -9999.9,M,    50.0, ,    39.7, ,    40.8, ,   102.0, ,    31.9, ,    28.2, ,    32.0, ,    21.5, , -9999.9,M,    41.5, , -9999.9,M,   182.4, ,    92.1, ,
1983,    55.5, ,    18.0, ,     6.9, ,    23.7, ,    30.0, ,    58.2, ,    92.5, ,    64.7, ,    56.2, ,    15.3, ,    19.3, ,     0.2, ,   440.6, ,    95.1, ,    60.5, ,   215.4, ,    90.8, ,
1984,    50.2, ,    14.8, ,     4.0, ,    21.6, ,    30.0, ,    82.7, ,    53.4, ,    67.1, ,    26.6, ,    37.8, ,    35.4, ,    35.8, ,   459.4, ,    65.3, ,    55.6, ,   203.2, ,    99.7, ,
1985,    42.1, ,    50.4, ,     8.4, ,     1.5, ,    42.0, ,    40.1, ,    45.4, ,    52.6, ,    76.9, ,    34.0, ,    12.1, ,    29.8, ,   435.4, ,   128.4, ,    51.9, ,   138.1, ,   123.0, ,
1986,    43.7, ,    10.5, ,    67.8, ,    11.9, ,    82.6, ,    25.0, ,   111.8, ,    57.2, ,    59.6, ,    37.3, ,    23.2, ,    36.2, ,   566.6, ,    83.9, ,   162.3, ,   194.0, ,   120.1, ,
1987,    27.8, ,    44.0, ,    25.7, , -9999.9,M,    50.9, ,    38.6, ,    88.6, ,    88.7, ,    45.4, ,    23.1, ,    38.2, ,    40.4, , -9999.9,M,   107.9, , -9999.9,M,   215.9, ,   106.7, ,
1988,    30.9, ,    26.9, ,    14.0, , -9999.9,M,    63.3, ,    71.8, ,   119.4, ,    46.3, ,    55.4, ,    43.6, ,    42.7, ,    25.0, , -9999.9,M,    98.2, , -9999.9,M,   237.4, ,   141.8, ,
1989,    26.9, ,     2.8, ,    20.9, ,     0.0, ,    27.2, ,    54.6, ,    73.8, ,    19.6, ,    49.3, ,    46.1, ,    46.5, ,    24.3, ,   392.1, ,    54.7, ,    48.2, ,   148.0, ,   142.0, ,
1990,    47.4, ,    30.9, ,     3.8, ,    25.3, ,    75.5, ,    82.4, ,    50.1, ,    49.4, ,    44.9, ,    48.6, ,    46.0, ,    55.0, ,   559.2, ,   102.6, ,   104.6, ,   181.9, ,   139.4, ,
1991,    36.1, ,    26.5, ,    22.5, ,     7.0, ,    41.3, ,    62.0, ,   142.1, ,    48.6, ,    64.0, ,    58.6, ,    83.3, ,    89.4, ,   681.4, ,   117.6, ,    70.8, ,   252.7, ,   205.9, ,
1992,    41.8, ,    30.8, ,    10.0, ,    19.1, ,    49.1, ,    32.9, ,   112.7, ,    76.6, ,    49.9, ,    21.4, ,    33.2, ,    28.5, ,   505.9, ,   161.9, ,    78.2, ,   222.1, ,   104.5, ,
1993,    23.7, , -9999.9,M,    12.7, ,     2.3, ,    28.1, ,    69.1, ,    91.0, ,    55.4, ,    48.6, ,    49.2, ,    44.3, ,    51.1, , -9999.9,M, -9999.9,M,    43.1, ,   215.5, ,   142.1, ,
1994,    46.9, ,    28.9, ,    11.9, ,    10.1, ,    67.2, ,    37.9, ,    70.9, ,    66.0, ,    90.8, ,    52.8, , -9999.9,M, -9999.9,M, -9999.9,M,   127.0, ,    89.2, ,   174.8, , -9999.9,M,
1995, -9999.9,M, -9999.9,M, -9999.9,M,     2.9, ,    16.8, ,    56.3, ,   100.5, ,    54.8, ,    28.8, ,    33.4, ,    12.5, , -9999.9,M, -9999.9,M, -9999.9,M, -9999.9,M,   211.6, ,    74.7, ,
1996, -9999.9,M, -9999.9,M, -9999.9,M, -9999.9,M,    21.6, ,    50.7, ,    46.4, ,    73.3, ,    62.6, ,    35.6, , -9999.9,M, -9999.9,M, -9999.9,M, -9999.9,M, -9999.9,M,   170.4, , -9999.9,M,
1997, -9999.9,M, -9999.9,M, -9999.9,M,    12.4, ,    28.1, ,   101.3, ,   156.8, ,    60.8, ,    23.4, ,    54.5, , -9999.9,M, -9999.9,M, -9999.9,M, -9999.9,M, -9999.9,M,   318.9, , -9999.9,M,
1998, -9999.9,M, -9999.9,M, -9999.9,M,    16.6, ,    17.0, ,    59.8, ,    56.3, ,    18.5, ,    26.6, ,    38.5, , -9999.9,M, -9999.9,M, -9999.9,M, -9999.9,M, -9999.9,M,   134.7, , -9999.9,M,
1999, -9999.9,M, -9999.9,M, -9999.9,M,     4.9, ,    63.2, ,    50.0, ,    30.8, ,    41.9, ,    56.8, , -9999.9,M, -9999.9,M, -9999.9,M, -9999.9,M, -9999.9,M, -9999.9,M,   122.8, , -9999.9,M,
2000, -9999.9,M, -9999.9,M, -9999.9,M,    10.0, ,    26.6, , -9999.9,M,    84.6, ,    75.0, ,    65.8, ,    54.8, , -9999.9,M, -9999.9,M, -9999.9,M, -9999.9,M, -9999.9,M, -9999.9,M, -9999.9,M,
2001, -9999.9,M, -9999.9,M, -9999.9,M,     3.1, ,    28.0, ,    74.7, , -9999.9,M,    29.1, ,    91.6, , -9999.9,M, -9999.9,M, -9999.9,M, -9999.9,M, -9999.9,M, -9999.9,M, -9999.9,M, -9999.9,M,
2002, -9999.9,M,    18.2, , -9999.9,M, -9999.9,M,    24.6, ,     6.4, ,    80.0, ,    63.6, , -9999.9,M,    10.8, ,    27.8, , -9999.9,M, -9999.9,M, -9999.9,M, -9999.9,M,   150.1, , -9999.9,M,
2003, -9999.9,M,    11.3, ,    21.3, , -9999.9,M,     5.0, ,   109.0, ,    30.7, ,    31.8, ,    57.0, ,    37.8, ,    25.8, ,    40.2, , -9999.9,M, -9999.9,M, -9999.9,M,   171.5, ,   120.6, ,
2004, -9999.9,M,     5.0, ,    24.5, ,    28.9, ,    31.0, ,    36.1, ,    63.4, ,    41.3, ,    31.5, ,    31.9, , -9999.9,M,    43.4, , -9999.9,M, -9999.9,M,    84.4, ,   140.9, , -9999.9,M,
2005,    38.3, , -9999.9,M,     4.3, ,     7.8, ,    44.1, ,    28.3, ,   140.7, ,    40.4, ,    42.9, ,    26.4, , -9999.9,M,    29.0, , -9999.9,M, -9999.9,M,    56.1, ,   209.4, , -9999.9,M,
2006,    26.3, ,     3.6, ,    17.7, ,    18.9, ,    45.8, ,    32.2, ,    21.8, ,    53.1, ,    52.0, ,    29.0, ,    32.4, ,    33.8, ,   366.7, ,    58.9, ,    82.4, ,   107.1, ,   113.5, ,
2007,    28.1, ,    39.4, , -9999.9,M, -9999.9,M, -9999.9,M, -9999.9,M, -9999.9,M, -9999.9,M, -9999.9,M, -9999.9,M, -9999.9,M, -9999.9,M, -9999.9,M,   101.3, , -9999.9,M, -9999.9,M, -9999.9,M,
2008, -9999.9,M, -9999.9,M,    11.2, ,    13.5, ,    20.9, ,   102.8, ,    58.0, , -9999.9,M, -9999.9,M,    52.7, ,    36.3, ,    30.7, , -9999.9,M, -9999.9,M,    45.6, , -9999.9,M, -9999.9,M,
2009,    42.8, ,    18.6, ,    37.2, ,     7.0, ,     9.6, ,    42.4, ,    40.5, , -9999.9,M,    46.9, , -9999.9,M,    17.7, ,    35.3, , -9999.9,M,    92.1, ,    53.8, , -9999.9,M, -9999.9,M,
2010,    35.3, ,     8.0, ,    23.3, , -9999.9,M, -9999.9,M, -9999.9,M, -9999.9,M, -9999.9,M, -9999.9,M, -9999.9,M, -9999.9,M, -9999.9,M, -9999.9,M,    78.7, , -9999.9,M, -9999.9,M, -9999.9,M,
