2204100,YELLOWKNIFE              ,NT  ,station not joined, Monthly total of daily adjusted precipitation, mm, Updated to December 2011
2204100,YELLOWKNIFE              ,NT  ,station pas jointe, Total mensuel des chutes de précipitations quotidiennes ajustées, mm, Mise à jour jusqu à décembre 2011
Year,     Jan, ,     Feb, ,     Mar, ,     Apr, ,     May, ,     Jun, ,     Jul, ,     Aug, ,     Sep, ,     Oct, ,     Nov, ,     Dec, ,  Annual, ,  Winter, ,  Spring, ,  Summer, ,  Autumn
An  ,    Janv, ,     Fév, ,    Mars, ,     Avr, ,     Mai, ,    Juin, ,    Juil, ,    Août, ,    Sept, ,     Oct, ,     Nov, ,     Déc, ,  Annuel, ,   Hiver, ,Printemp, ,     Eté, , Automne
1943,    31.3, ,    25.1, ,    25.4, ,    29.5, ,    29.5, ,     9.8, ,    48.0, ,    25.0, ,    14.7, ,    33.9, ,    13.4, ,    17.1, ,   302.5, , -9999.9,M,    84.4, ,    82.8, ,    61.9, ,
1944,    13.8, ,     5.9, ,     2.1, ,     2.3, ,    27.3, ,    49.4, ,    17.1, ,    42.3, ,     8.9, ,    32.8, ,    18.2, , -9999.9,M, -9999.9,M,    36.8, ,    31.7, ,   108.7, ,    59.8, ,
1945,     7.8, ,    15.5, ,    24.6, ,    11.9, ,     5.6, ,    14.2, ,    52.5, ,     9.5, ,    34.5, ,    40.6, ,     4.1, ,    36.8, ,   257.8, , -9999.9,M,    42.2, ,    76.2, ,    79.2, ,
1946,    32.4, ,    12.9, ,    14.7, ,    12.0, ,    26.5, ,     1.4, ,    18.6, ,    25.7, ,    10.2, ,    39.5, ,    19.0, ,    27.0, ,   239.9, ,    82.2, ,    53.2, ,    45.7, ,    68.7, ,
1947,    25.7, ,    18.8, ,     7.1, ,     4.2, ,     5.3, ,     5.4, ,    17.2, ,    28.7, ,    25.6, ,    20.8, ,    21.2, ,    14.9, ,   195.0, ,    71.5, ,    16.7, ,    51.3, ,    67.6, ,
1948,    12.0, ,    12.4, ,     4.2, ,     2.0, ,     6.1, ,    22.9, ,    94.3, ,    48.4, ,    57.4, ,     8.6, ,    25.7, ,    15.0, ,   309.1, ,    39.3, ,    12.3, ,   165.7, ,    91.6, ,
1949,    13.9, ,     6.9, ,    16.3, ,    19.6, ,    14.0, ,    25.0, ,     8.1, ,    22.7, ,    22.8, ,    42.4, ,    36.3, ,     8.7, ,   236.5, ,    35.8, ,    49.8, ,    55.7, ,   101.5, ,
1950,     8.1, ,    17.6, ,     4.5, ,     7.0, ,    12.5, ,    38.4, ,    23.4, ,    36.2, ,    30.1, ,    26.2, ,     8.8, ,    35.2, ,   248.0, ,    34.4, ,    24.0, ,    98.0, ,    65.1, ,
1951,     8.5, ,     9.1, ,     8.9, ,     6.2, ,    23.5, ,    37.5, ,    25.6, ,    28.4, ,    36.3, ,    28.4, ,    16.6, ,    23.1, ,   252.1, ,    52.8, ,    38.5, ,    91.5, ,    81.3, ,
1952,     9.1, ,    19.4, ,    15.2, ,    20.3, ,    29.8, ,    13.3, ,    39.0, ,    57.1, ,    62.0, ,    23.3, ,    21.3, ,    23.4, ,   333.1, ,    51.7, ,    65.2, ,   109.3, ,   106.6, ,
1953,    10.9, ,    11.9, ,     5.7, ,     3.1, ,    10.9, ,    13.3, ,    28.3, ,    81.2, ,    27.6, ,    28.9, ,    24.5, ,    27.0, ,   273.3, ,    46.2, ,    19.7, ,   122.8, ,    81.0, ,
1954,    12.5, ,    10.5, ,    23.4, ,     4.8, ,     6.1, ,    12.6, ,    68.9, ,    31.1, ,    43.0, ,    16.1, ,    49.1, ,    28.1, ,   306.3, ,    50.0, ,    34.4, ,   112.6, ,   108.1, ,
1955,    13.8, ,    13.5, ,     8.6, ,    24.3, ,     6.9, ,    15.4, ,    48.4, ,    13.6, ,    17.5, ,    14.2, ,    28.0, ,    17.1, ,   221.1, ,    55.4, ,    39.7, ,    77.4, ,    59.7, ,
1956,    18.2, ,    18.4, ,    10.4, ,     5.1, ,    20.6, ,    16.7, ,    29.9, ,    45.0, ,    41.3, ,    33.9, ,    29.7, ,    24.3, ,   293.5, ,    53.6, ,    36.1, ,    91.7, ,   104.9, ,
1957,    19.2, ,    19.4, ,    14.1, ,    13.2, ,    66.3, ,    53.0, ,    79.3, ,    14.6, ,    42.5, ,    17.0, ,    35.1, ,    37.3, ,   410.9, ,    62.9, ,    93.6, ,   146.8, ,    94.6, ,
1958,    28.9, ,    18.5, ,    21.2, ,    28.7, ,    32.0, ,     3.0, ,    28.5, ,   130.6, ,    55.7, ,    53.1, ,    31.2, ,    57.5, ,   488.7, ,    84.7, ,    81.9, ,   162.0, ,   140.0, ,
1959,    10.5, ,    16.4, ,    54.3, ,    28.0, ,    11.2, ,     6.4, ,    70.2, ,    46.1, ,    53.1, ,    76.6, ,    44.7, ,    40.1, ,   457.5, ,    84.3, ,    93.5, ,   122.7, ,   174.4, ,
1960,    14.7, ,    25.1, ,    24.0, ,     5.2, ,    28.7, ,    16.9, ,    47.8, ,    49.0, ,    40.6, ,    75.3, ,    54.1, ,    23.0, ,   404.3, ,    79.9, ,    57.9, ,   113.7, ,   169.9, ,
1961,    45.5, ,    27.1, ,    27.6, ,    12.9, ,     2.9, ,     6.6, ,    65.2, ,    22.5, ,    42.5, ,    65.9, ,    42.9, ,    27.1, ,   388.4, ,    95.6, ,    43.3, ,    94.2, ,   151.2, ,
1962,    33.3, ,    15.4, ,     9.7, ,     3.8, ,     6.9, ,    34.1, ,    38.0, ,    55.6, ,     8.1, ,    19.7, ,    50.4, ,    29.3, ,   304.2, ,    75.8, ,    20.3, ,   127.7, ,    78.1, ,
1963,    32.5, ,    22.3, ,    15.4, ,     9.3, ,     4.8, ,    33.4, ,    60.1, ,    46.8, ,    27.3, ,    15.1, ,    42.3, ,    13.1, ,   322.4, ,    84.1, ,    29.5, ,   140.3, ,    84.7, ,
1964,    18.6, ,    20.6, ,     9.1, ,    14.5, ,    16.6, ,     7.7, ,     5.5, ,    13.7, ,    59.4, ,    28.5, ,    24.5, ,    11.3, ,   229.9, ,    52.3, ,    40.2, ,    26.9, ,   112.3, ,
1965,    11.4, ,    10.2, ,     6.6, ,    17.3, ,     2.8, ,    42.0, ,    42.6, ,    19.5, ,     7.7, ,    32.0, ,    61.7, ,    20.7, ,   274.4, ,    32.9, ,    26.6, ,   104.1, ,   101.4, ,
1966,    12.5, ,     7.0, ,    27.7, ,    24.1, ,    19.8, ,    36.3, ,    18.8, ,     8.1, ,    29.5, ,    47.6, ,    35.3, ,    29.9, ,   296.6, ,    40.2, ,    71.6, ,    63.2, ,   112.5, ,
1967,    12.6, ,    22.8, ,    19.1, ,     4.0, ,    11.5, ,    24.6, ,    19.7, ,     8.0, ,    15.2, ,   107.4, ,    36.1, ,    18.0, ,   299.1, ,    65.3, ,    34.6, ,    52.3, ,   158.7, ,
1968,    32.0, ,    19.5, ,     8.8, ,    17.1, ,    18.4, ,    16.9, ,    16.1, ,    18.4, ,    68.5, ,    29.0, ,    40.2, ,    14.1, ,   299.0, ,    69.5, ,    44.3, ,    51.4, ,   137.7, ,
1969,    14.7, ,    12.4, ,    13.6, ,    29.3, ,    26.2, ,    14.5, ,    20.9, ,   152.3, ,    17.1, ,    11.4, ,    32.9, ,    23.9, ,   369.2, ,    41.2, ,    69.1, ,   187.7, ,    61.4, ,
1970,    17.9, ,    27.5, ,    21.4, ,    16.3, ,    20.5, ,    15.8, ,    40.8, ,    92.9, ,    31.4, ,    30.0, ,    17.1, ,    29.8, ,   361.4, ,    69.3, ,    58.3, ,   149.4, ,    78.5, ,
1971,    27.7, ,    15.6, ,    21.8, ,    15.0, ,    24.2, ,    14.5, ,    15.7, ,    69.0, ,    28.0, ,    45.6, ,    52.5, ,    17.5, ,   347.1, ,    73.2, ,    60.9, ,    99.2, ,   126.1, ,
1972,    12.4, ,    20.4, ,    28.9, ,    27.1, ,     6.0, ,    17.5, ,    40.0, ,    34.1, ,    39.0, ,    54.6, ,    33.4, ,    21.1, ,   334.6, ,    50.3, ,    62.0, ,    91.7, ,   127.0, ,
1973,    20.7, ,    16.5, ,    32.2, ,    12.3, ,    12.8, ,    16.2, ,    27.3, ,   132.3, ,    18.7, ,    52.6, ,    63.7, ,    29.6, ,   435.0, ,    58.3, ,    57.4, ,   175.8, ,   135.0, ,
1974,    25.9, ,    14.8, ,    20.6, ,     7.7, ,    31.3, ,    38.8, ,    80.1, ,    65.2, ,    53.4, ,    61.9, ,    38.5, ,    68.6, ,   506.8, ,    70.3, ,    59.6, ,   184.1, ,   153.9, ,
1975,    18.3, ,    14.7, ,    11.3, ,    12.9, ,    16.8, ,     3.6, ,    12.8, ,    90.0, ,    26.4, ,    60.9, ,    32.1, ,    36.8, ,   336.6, ,   101.5, ,    41.0, ,   106.5, ,   119.4, ,
1976,    26.4, ,    21.1, ,    18.7, ,    12.1, ,    20.0, ,    42.9, ,    28.3, ,    40.4, ,    47.3, ,    18.4, ,    20.1, ,    16.8, ,   312.5, ,    84.3, ,    50.8, ,   111.5, ,    85.8, ,
1977,    24.0, ,    25.6, ,    11.7, ,     8.9, ,    39.8, ,    10.3, ,    26.7, ,    22.6, ,    19.1, ,    38.0, ,    46.6, ,    23.7, ,   297.0, ,    66.4, ,    60.4, ,    59.6, ,   103.7, ,
1978,    11.9, ,     7.2, ,    17.4, ,    26.5, ,    11.0, ,    25.4, ,    81.9, ,     7.9, ,    40.3, ,    49.8, ,    31.5, ,    36.4, ,   347.1, ,    42.7, ,    54.9, ,   115.2, ,   121.5, ,
1979,    11.9, ,     5.5, ,    21.0, ,    19.1, ,    34.7, ,     6.1, ,    25.3, ,    46.0, ,    19.3, ,    60.2, ,    34.3, ,    20.6, ,   304.0, ,    53.9, ,    74.7, ,    77.4, ,   113.8, ,
1980,    38.2, ,    12.4, ,     4.1, ,     7.1, ,    63.7, ,    15.3, ,    13.0, ,    34.0, ,    41.9, ,    39.0, ,    40.9, ,    14.1, ,   323.7, ,    71.3, ,    74.8, ,    62.4, ,   121.8, ,
1981,    21.1, ,    24.4, ,    12.8, ,    23.5, ,     4.3, ,    40.7, ,    27.1, ,    39.6, ,    46.7, ,    60.6, ,    34.2, ,    15.5, ,   350.4, ,    59.6, ,    40.5, ,   107.4, ,   141.5, ,
1982,     3.6, ,    40.9, ,     5.4, ,     6.3, ,    47.9, ,    17.0, ,    13.4, ,    12.5, ,    66.2, ,    26.4, ,    29.9, ,    34.6, ,   304.0, ,    59.9, ,    59.6, ,    42.9, ,   122.5, ,
1983,    35.4, ,    11.8, ,    22.5, ,     9.4, ,    31.4, ,    14.8, ,    51.3, ,    35.1, ,    32.7, ,    36.1, ,    40.4, ,    11.0, ,   332.1, ,    81.8, ,    63.3, ,   101.2, ,   109.3, ,
1984,    22.6, ,    43.1, ,    21.0, ,    10.9, ,     9.3, ,    74.7, ,    66.1, ,    31.8, ,    17.5, ,    46.6, ,    37.0, ,    15.9, ,   396.5, ,    76.7, ,    41.3, ,   172.6, ,   101.1, ,
1985,    19.6, ,    50.1, ,    14.3, ,    33.2, ,    28.8, ,    12.1, ,    61.7, ,    49.2, ,    28.4, ,    54.6, ,    51.3, ,    24.9, ,   428.1, ,    85.5, ,    76.2, ,   123.0, ,   134.3, ,
1986,    23.2, ,    20.7, ,    27.2, ,     8.7, ,    21.6, ,    50.2, ,    24.1, ,    77.2, ,    12.8, ,    31.2, ,    17.8, ,    34.1, ,   348.8, ,    68.8, ,    57.5, ,   151.5, ,    61.8, ,
1987,    28.9, ,    51.7, ,    12.2, ,    13.6, ,     7.2, ,    52.5, ,    11.5, ,    32.1, ,    50.9, ,    41.4, ,    62.0, ,    31.7, ,   395.7, ,   114.7, ,    33.0, ,    96.1, ,   154.3, ,
1988,    24.9, ,    22.3, ,    10.3, ,    28.2, ,    22.6, ,    76.4, ,   112.3, ,    18.7, ,    37.9, ,    27.8, ,    68.5, ,    19.7, ,   469.4, ,    78.8, ,    61.0, ,   207.4, ,   134.2, ,
1989,    38.6, ,     7.7, ,    19.0, ,     1.7, ,    23.5, ,    32.0, ,    49.3, ,    12.1, ,    26.2, ,    36.7, ,    59.6, ,    30.2, ,   336.6, ,    65.9, ,    44.2, ,    93.4, ,   122.5, ,
1990,    30.7, ,    16.4, ,    13.1, ,    16.5, ,     7.1, ,    11.7, ,    75.1, ,    90.1, ,    17.5, ,    53.1, ,    28.3, ,    42.1, ,   401.8, ,    77.3, ,    36.7, ,   176.9, ,    98.9, ,
1991,    34.2, ,    24.0, ,    28.1, ,    19.3, ,    35.7, ,    65.7, ,    20.3, ,    67.0, ,    37.5, ,    60.1, ,    48.1, ,    22.1, ,   462.0, ,   100.3, ,    83.1, ,   152.9, ,   145.7, ,
1992,    43.7, ,    22.2, ,    35.4, ,    19.9, ,    18.2, ,    36.9, ,    27.8, ,    11.9, ,    37.1, ,    37.2, ,    40.3, ,    17.1, ,   347.7, ,    88.0, ,    73.5, ,    76.6, ,   114.6, ,
1993,    11.2, ,    31.2, ,    22.1, ,     7.7, ,    44.4, ,     3.9, ,    72.6, ,    18.6, ,    46.4, ,    25.0, ,    28.8, ,    50.7, ,   362.5, ,    59.6, ,    74.2, ,    95.1, ,   100.2, ,
1994,    16.3, ,    12.9, ,    36.7, ,     7.6, ,    16.3, ,    22.9, ,    30.7, ,     6.6, ,    24.1, ,    36.1, ,    52.9, ,    31.3, ,   294.4, ,    79.9, ,    60.6, ,    60.2, ,   113.1, ,
1995,    22.9, ,    22.5, ,    57.2, ,    12.8, ,     5.7, ,    14.7, ,    30.4, ,    17.2, ,    37.4, ,    27.5, ,    27.8, ,    48.4, ,   324.3, ,    76.6, ,    75.7, ,    62.2, ,    92.7, ,
1996,    12.2, ,    25.5, ,    23.7, ,    30.1, ,     9.7, ,    37.9, ,    15.5, ,    51.2, ,    64.1, ,    26.2, ,    31.8, ,    28.1, ,   355.9, ,    86.1, ,    63.5, ,   104.6, ,   122.1, ,
1997,    28.3, ,     6.8, ,    33.3, ,     4.2, ,    31.2, ,    37.6, ,    24.1, ,    31.7, ,    51.0, ,    43.3, ,    43.3, ,    25.6, ,   360.4, ,    63.1, ,    68.7, ,    93.4, ,   137.6, ,
1998,    28.5, ,    22.0, ,     6.0, ,    27.4, ,     0.3, ,    46.4, ,    13.9, ,    59.6, ,    48.4, ,    59.3, ,    28.3, ,    22.0, ,   362.1, ,    76.1, ,    33.7, ,   119.9, ,   136.0, ,
1999,    25.2, ,    26.2, ,    22.6, ,    15.6, ,    25.7, ,    13.2, ,    21.0, ,    42.2, ,    44.1, ,    36.8, ,    36.8, ,    34.8, ,   344.4, ,    73.5, ,    63.9, ,    76.4, ,   117.8, ,
2000,     8.9, ,    15.4, ,    15.2, ,    12.5, ,    13.0, ,    46.4, ,    44.0, ,    92.5, ,    30.2, ,    59.5, ,    55.7, ,    14.3, ,   407.6, ,    59.1, ,    40.7, ,   182.9, ,   145.4, ,
2001,    29.9, ,    12.6, ,    43.7, ,     8.2, ,    40.7, ,     6.4, ,    63.3, ,    82.2, ,    55.2, ,    25.9, ,    38.5, ,    44.5, ,   451.1, ,    56.8, ,    92.6, ,   151.9, ,   119.6, ,
2002,     8.2, ,    31.5, ,    13.6, ,     6.4, ,    20.5, ,    20.4, ,   107.5, ,    56.0, ,    33.3, ,    38.7, ,    21.6, ,    38.0, ,   395.6, ,    84.3, ,    40.5, ,   183.9, ,    93.5, ,
2003,    11.4, ,    11.2, ,    21.7, ,    15.9, ,    33.1, ,    37.9, ,    13.1, ,    60.2, ,    26.7, ,    18.2, ,    44.4, ,    43.2, ,   336.9, ,    60.6, ,    70.7, ,   111.2, ,    89.3, ,
2004,    19.5, ,    19.7, ,     8.9, ,    20.4, ,    10.9, ,     5.8, ,    26.7, ,     7.8, ,    44.7, ,    45.8, ,    37.7, ,    25.7, ,   273.6, ,    82.4, ,    40.2, ,    40.2, ,   128.2, ,
2005,    41.4, ,    32.8, ,    24.1, ,    21.6, ,     9.5, ,    44.0, ,    48.4, ,    66.0, ,    86.5, ,    33.7, ,    57.1, ,    22.2, ,   487.4, ,    99.8, ,    55.3, ,   158.4, ,   177.4, ,
2006,    23.7, ,    20.3, ,    27.2, ,    23.6, ,    37.6, ,    33.2, ,    44.5, ,    56.1, ,    23.5, ,    14.7, ,    95.2, ,    20.4, ,   420.0, ,    66.2, ,    88.4, ,   133.8, ,   133.5, ,
2007,    45.9, ,    25.9, ,    27.8, ,    11.4, ,    26.6, ,     6.8, ,    93.2, ,    30.5, ,    55.2, ,    37.9, ,    42.7, ,    41.3, ,   445.2, ,    92.2, ,    65.9, ,   130.4, ,   135.7, ,
2008,    59.4, ,    15.3, ,    13.7, ,     8.1, ,    10.5, ,    53.3, ,    21.8, ,    64.7, ,   111.3, ,    46.6, ,    78.5, ,    23.8, ,   506.9, ,   116.0, ,    32.2, ,   139.8, ,   236.5, ,
2009,    31.8, ,    29.4, ,    26.7, ,    16.8, ,     7.7, ,    51.9, ,    38.4, ,    41.6, ,    81.6, ,    36.9, ,    65.3, ,    15.4, ,   443.3, ,    85.0, ,    51.2, ,   131.8, ,   183.8, ,
2010,    39.8, ,    16.3, ,     3.5, ,     8.0, ,    15.5, ,    46.9, ,    50.9, ,    27.1, ,    37.7, ,    42.4, ,    25.9, ,    24.2, ,   338.4, ,    71.5, ,    27.1, ,   125.0, ,   106.0, ,
2011,    15.2, ,    17.8, ,    12.8, ,    10.1, ,     9.8, ,    37.0, ,    64.6, ,    81.7, ,    28.1, ,    60.3, ,    51.0, ,    33.0, ,   421.3, ,    57.2, ,    32.6, ,   183.3, ,   139.4, ,
