230N002,LUPIN                    ,NU  ,station joined    , Monthly total of daily adjusted precipitation, mm, Updated to December 2011
230N002,LUPIN                    ,NU  ,station jointe    , Total mensuel des chutes de précipitations quotidiennes ajustées, mm, Mise à jour jusqu à décembre 2011
Year,     Jan, ,     Feb, ,     Mar, ,     Apr, ,     May, ,     Jun, ,     Jul, ,     Aug, ,     Sep, ,     Oct, ,     Nov, ,     Dec, ,  Annual, ,  Winter, ,  Spring, ,  Summer, ,  Autumn
An  ,    Janv, ,     Fév, ,    Mars, ,     Avr, ,     Mai, ,    Juin, ,    Juil, ,    Août, ,    Sept, ,     Oct, ,     Nov, ,     Déc, ,  Annuel, ,   Hiver, ,Printemp, ,     Eté, , Automne
1959,    11.2, ,    31.7, ,    20.9, ,     9.7, ,    22.1, ,   128.0, ,    38.5, ,    34.2, ,    24.5, ,    30.5, ,    17.9, ,    17.4, ,   386.7, , -9999.9,M,    52.8, ,   200.7, ,    72.8, ,
1960,     9.0, ,    19.3, ,    16.6, ,    15.0, ,    14.6, ,    11.2, ,    54.9, ,    74.0, ,    65.8, ,    54.7, ,    16.9, ,    16.2, ,   368.3, ,    45.7, ,    46.2, ,   140.1, ,   137.4, ,
1961,    12.1, ,    15.5, ,    17.3, ,    13.3, ,    31.2, ,    44.2, ,    69.7, ,    72.6, ,    28.1, ,    24.0, ,    24.4, ,    12.4, ,   364.8, ,    43.8, ,    61.8, ,   186.5, ,    76.5, ,
1962,     9.6, ,     7.9, ,    18.1, ,    10.2, ,    20.0, ,    16.7, ,    32.3, ,    24.0, ,    23.1, ,    31.7, ,    36.6, ,    15.7, ,   245.8, ,    29.9, ,    48.3, ,    73.0, ,    91.3, ,
1963,     8.7, ,     5.2, ,    14.4, ,    16.0, ,    22.1, ,    68.5, ,    33.4, ,    47.6, ,    10.8, ,    30.6, ,    33.9, ,    17.7, ,   308.9, ,    29.6, ,    52.5, ,   149.5, ,    75.4, ,
1964,    13.2, ,    17.7, ,     6.0, ,    17.0, ,    13.0, ,    23.9, ,    77.9, ,    29.2, ,    33.3, ,    35.4, ,     8.1, ,    25.7, ,   300.5, ,    48.6, ,    36.0, ,   131.0, ,    76.9, ,
1965,    11.8, ,     2.2, ,    14.7, ,     8.2, ,     9.0, ,    26.4, ,    41.6, ,    35.3, ,    22.2, ,    16.6, ,    17.4, ,     5.6, ,   211.1, ,    39.8, ,    31.8, ,   103.4, ,    56.2, ,
1966,     1.5, ,     6.6, ,    10.0, ,     7.0, ,    12.8, ,    20.6, ,    47.9, ,    48.4, ,    49.0, ,    12.0, ,     9.6, ,    12.4, ,   237.8, ,    13.7, ,    29.8, ,   116.9, ,    70.6, ,
1967,    11.1, ,     9.1, ,     6.2, ,     7.8, ,    12.3, ,    64.3, ,    60.7, ,    43.9, ,    86.4, ,    34.8, ,    16.9, ,    15.2, ,   368.6, ,    32.6, ,    26.4, ,   168.9, ,   138.1, ,
1968,    14.8, ,    13.4, ,     8.2, ,    20.4, ,    62.0, ,    11.6, ,    19.6, ,    28.8, ,    64.7, ,    46.2, ,    21.0, ,     9.5, ,   320.3, ,    43.3, ,    90.7, ,    60.0, ,   131.9, ,
1969,     5.8, ,    10.0, ,     8.6, ,    15.3, ,    13.4, ,    37.7, ,    78.0, ,    53.5, ,    12.2, ,     9.4, ,    34.9, ,    11.0, ,   289.8, ,    25.4, ,    37.2, ,   169.2, ,    56.5, ,
1970,     6.0, ,     6.5, ,    10.0, ,    16.5, ,    10.9, ,    37.5, ,    19.1, ,    79.4, ,    61.2, ,    53.2, ,    10.0, ,     9.4, ,   319.7, ,    23.5, ,    37.4, ,   136.0, ,   124.4, ,
1971,     7.8, ,    38.3, ,    29.1, ,    21.5, ,    33.0, ,     2.9, ,    41.4, ,    43.4, ,    84.6, ,    39.4, ,    14.1, ,    11.5, ,   367.0, ,    55.5, ,    83.6, ,    87.8, ,   138.1, ,
1972,    14.8, ,     8.7, ,    12.6, ,    22.7, ,    30.2, ,    11.2, ,    50.1, ,    48.7, ,    34.8, ,    27.6, ,    16.7, ,     7.2, ,   285.3, ,    35.0, ,    65.5, ,   109.9, ,    79.0, ,
1973,    14.8, ,     3.2, ,    27.8, ,    10.8, ,    13.4, ,    30.1, ,    22.7, ,    96.4, ,    33.6, ,    37.0, ,     8.5, ,     3.2, ,   301.5, ,    25.2, ,    52.0, ,   149.2, ,    79.1, ,
1974,     4.6, ,     9.6, ,     6.5, ,    14.0, ,    30.0, ,    41.9, ,    46.6, ,    35.7, ,    38.0, ,    70.7, ,    12.4, ,    16.6, ,   326.7, ,    17.4, ,    50.6, ,   124.3, ,   121.2, ,
1975,     4.7, ,     5.4, ,     5.6, ,    14.2, ,    26.1, ,     6.2, ,    25.9, ,    67.5, ,    17.0, ,    31.0, ,    14.5, ,    14.3, ,   232.3, ,    26.6, ,    45.8, ,    99.6, ,    62.5, ,
1976,    15.0, ,    10.4, ,    10.0, ,     6.3, ,    46.1, ,    58.6, ,    36.9, ,    26.3, ,    56.4, ,    43.0, ,    26.8, ,    10.0, ,   345.7, ,    39.7, ,    62.4, ,   121.8, ,   126.1, ,
1977,    16.1, ,    22.6, ,    22.1, ,    31.7, ,    18.9, ,    17.8, ,    19.4, ,    43.1, ,    19.5, ,    25.1, ,    19.6, ,    45.4, ,   301.3, ,    48.7, ,    72.7, ,    80.2, ,    64.3, ,
1978,    13.8, ,    10.5, ,    11.5, ,    13.7, ,    20.9, ,    42.5, ,    22.9, ,    40.5, ,    13.4, ,   100.4, ,    20.5, ,    23.5, ,   333.8, ,    69.6, ,    46.0, ,   105.9, ,   134.2, ,
1979,    13.0, ,     5.5, ,     9.9, ,    24.4, ,    26.3, ,    17.8, ,    45.4, ,    41.7, ,    25.1, ,    35.2, ,    23.3, ,    18.1, ,   285.6, ,    41.9, ,    60.6, ,   105.0, ,    83.6, ,
1980,     6.8, ,     5.5, ,     7.4, ,     5.1, ,    11.4, ,     4.3, ,    27.6, ,    37.8, ,    27.4, ,    43.9, ,    31.0, ,    14.4, ,   222.5, ,    30.4, ,    23.9, ,    69.7, ,   102.2, ,
1981,     8.4, ,    21.3, ,    31.0, ,     6.6, ,     7.8, ,    36.2, ,    41.6, ,    38.2, ,    60.2, ,    25.9, ,    28.3, ,     8.7, ,   314.2, ,    44.1, ,    45.4, ,   116.0, ,   114.4, ,
1982,     2.1, ,     4.3, ,     2.8, ,    16.1, ,    15.6, ,    48.9, ,    38.9, ,    66.0, ,    41.4, ,    24.7, ,    16.9, ,    17.8, ,   295.4, ,    15.0, ,    34.4, ,   153.8, ,    83.0, ,
1983,    28.3, ,     7.3, ,    19.9, ,    19.1, ,    20.4, ,    11.8, ,    81.5, ,    79.1, ,    84.0, ,    46.6, ,    12.9, ,     8.3, ,   419.2, ,    53.4, ,    59.4, ,   172.4, ,   143.5, ,
1984,     8.6, ,    22.1, ,    18.1, ,    22.5, ,    19.4, ,    62.5, ,    74.1, ,    58.7, ,    22.5, ,    28.5, ,    15.9, ,    12.0, ,   365.2, ,    39.1, ,    60.1, ,   195.4, ,    67.0, ,
1985,    11.9, ,    14.5, ,    13.2, ,    29.4, ,    12.5, ,    21.8, ,    94.9, ,    51.6, ,    48.5, ,    27.6, ,    11.8, ,     8.7, ,   346.5, ,    38.4, ,    55.2, ,   168.4, ,    87.9, ,
1986,    23.1, ,    11.5, ,     6.6, ,    22.1, ,    32.5, ,    19.6, ,    20.1, ,   106.4, ,    34.2, ,    32.3, ,    15.9, ,    15.5, ,   339.8, ,    43.3, ,    61.2, ,   146.1, ,    82.4, ,
1987,    13.3, ,     8.3, ,     7.2, ,     8.6, ,    10.6, ,    71.3, ,    44.6, ,    51.9, ,    38.2, ,    38.6, ,    50.4, ,    28.4, ,   371.5, ,    37.1, ,    26.3, ,   167.9, ,   127.3, ,
1988,     2.7, ,     4.5, ,     5.6, ,     7.1, ,    12.8, ,    52.9, ,    35.2, ,    21.3, ,    47.5, ,    35.7, ,    24.8, ,     9.8, ,   259.9, ,    35.7, ,    25.4, ,   109.4, ,   108.0, ,
1989,    22.9, ,     5.3, ,    11.7, ,     4.5, ,    40.9, ,     8.2, ,    37.6, ,    29.4, ,    37.7, ,    14.9, ,    16.4, ,    19.0, ,   248.4, ,    38.0, ,    57.1, ,    75.2, ,    68.9, ,
1990,    14.8, ,     7.4, ,    14.0, ,    10.3, ,     4.6, ,    26.3, ,    26.0, ,    58.7, ,    52.7, ,    23.9, ,    11.8, ,    17.1, ,   267.6, ,    41.2, ,    28.9, ,   111.0, ,    88.3, ,
1991,     9.8, ,    15.1, ,    14.4, ,    29.5, ,    16.6, ,    15.2, ,    46.3, ,    80.7, ,    52.4, ,    30.1, ,    20.4, ,    21.9, ,   352.3, ,    42.0, ,    60.4, ,   142.2, ,   102.9, ,
1992,    20.6, ,    10.7, ,    11.6, ,    23.0, ,    23.5, ,    23.9, ,    16.1, ,    51.0, ,    35.2, ,    49.0, ,    18.1, ,     6.5, ,   289.1, ,    53.2, ,    58.0, ,    91.0, ,   102.3, ,
1993,     7.8, ,    21.9, ,    15.3, ,     8.0, ,    32.6, ,    26.8, ,    91.7, ,    31.3, ,    33.8, ,    22.2, ,    17.1, ,    14.0, ,   322.4, ,    36.1, ,    55.8, ,   149.8, ,    73.1, ,
1994,     5.0, ,     3.0, ,    24.3, ,     9.9, ,    17.7, ,    43.1, ,    14.9, ,    50.3, ,    48.2, ,    33.3, ,    12.5, ,    17.3, ,   279.5, ,    21.9, ,    51.9, ,   108.4, ,    93.9, ,
1995,     7.0, ,     5.0, ,    43.4, ,     7.9, ,    14.3, ,    23.0, ,    43.5, ,    83.5, ,    54.7, ,    42.0, ,     9.2, ,    26.9, ,   360.4, ,    29.4, ,    65.6, ,   149.9, ,   105.9, ,
1996,     7.0, ,    21.2, ,     6.2, ,     9.6, ,    28.3, ,    56.3, ,    60.5, ,   163.3, ,    73.8, ,    15.0, ,    15.9, ,     8.7, ,   465.7, ,    55.1, ,    44.1, ,   280.0, ,   104.7, ,
1997,     8.3, ,     8.0, ,     8.7, ,    15.0, ,    30.6, ,    24.0, ,    20.6, ,    62.9, ,    29.4, ,    51.5, ,    15.1, ,    20.0, ,   294.2, ,    25.0, ,    54.3, ,   107.6, ,    96.1, ,
1998,     7.0, ,     8.7, ,     7.5, ,    20.3, ,    21.4, ,    41.4, ,    33.5, ,    61.5, ,    67.4, ,    58.8, ,    19.2, ,    24.5, ,   371.3, ,    35.7, ,    49.2, ,   136.4, ,   145.4, ,
1999,    11.3, ,     8.6, ,    16.3, ,    28.2, ,    28.1, ,    22.2, ,    66.9, ,    61.1, ,    90.0, ,    26.9, ,    16.3, ,    34.8, ,   410.8, ,    44.4, ,    72.6, ,   150.2, ,   133.1, ,
2000,     5.4, ,     6.6, ,     8.6, ,    14.7, ,    21.1, ,     6.0, ,    29.5, ,    52.8, ,    63.7, ,    48.4, ,    16.7, ,     9.5, ,   283.1, ,    46.7, ,    44.4, ,    88.4, ,   128.8, ,
2001,     8.6, ,     9.1, ,    27.7, ,    33.8, ,    45.3, ,     8.7, ,    47.8, ,    49.9, ,    11.8, ,    23.2, ,    30.9, ,    14.2, ,   311.0, ,    27.1, ,   106.8, ,   106.5, ,    65.9, ,
2002,     9.0, ,     3.8, ,     8.5, ,    17.9, ,     5.7, ,    38.3, ,    71.0, ,    98.0, ,    57.1, ,    16.6, ,    22.8, ,    13.5, ,   362.2, ,    27.0, ,    32.1, ,   207.3, ,    96.5, ,
2003,     4.8, ,     1.4, ,    22.6, ,     4.0, ,    26.3, ,    20.9, ,    47.2, ,    73.5, ,    40.3, ,    32.8, ,    34.9, ,    18.2, ,   326.9, ,    19.7, ,    52.9, ,   141.6, ,   108.0, ,
2004,    13.3, ,    14.2, ,    10.9, ,    20.5, ,     7.5, ,    24.6, ,    14.6, ,   116.9, ,    67.2, ,    33.2, ,    34.4, ,     5.3, ,   362.6, ,    45.7, ,    38.9, ,   156.1, ,   134.8, ,
2005,    16.9, ,     8.5, ,    15.0, ,    21.6, ,    13.4, ,    63.6, ,    32.3, ,    68.3, ,    30.3, ,    37.7, ,    22.2, ,    14.2, ,   344.0, ,    30.7, ,    50.0, ,   164.1, ,    90.2, ,
2006,    17.1, ,     8.4, ,    19.2, ,    19.3, ,    11.4, ,    67.2, ,    24.0, ,    37.8, , -9999.9,M, -9999.9,M, -9999.9,M, -9999.9,M, -9999.9,M,    39.8, ,    49.9, ,   129.1, , -9999.9,M,
2007, -9999.9,M, -9999.9,M, -9999.9,M, -9999.9,M, -9999.9,M,     1.1, ,    46.8, , -9999.9,M, -9999.9,M, -9999.9,M, -9999.9,M, -9999.9,M, -9999.9,M, -9999.9,M, -9999.9,M, -9999.9,M, -9999.9,M,
2008, -9999.9,M, -9999.9,M, -9999.9,M, -9999.9,M, -9999.9,M, -9999.9,M, -9999.9,M, -9999.9,M, -9999.9,M, -9999.9,M, -9999.9,M, -9999.9,M, -9999.9,M, -9999.9,M, -9999.9,M, -9999.9,M, -9999.9,M,
2009, -9999.9,M, -9999.9,M, -9999.9,M, -9999.9,M, -9999.9,M, -9999.9,M, -9999.9,M, -9999.9,M, -9999.9,M, -9999.9,M, -9999.9,M, -9999.9,M, -9999.9,M, -9999.9,M, -9999.9,M, -9999.9,M, -9999.9,M,
2010, -9999.9,M, -9999.9,M, -9999.9,M, -9999.9,M, -9999.9,M, -9999.9,M, -9999.9,M, -9999.9,M, -9999.9,M, -9999.9,M, -9999.9,M, -9999.9,M, -9999.9,M, -9999.9,M, -9999.9,M, -9999.9,M, -9999.9,M,
2011, -9999.9,M, -9999.9,M, -9999.9,M, -9999.9,M, -9999.9,M, -9999.9,M, -9999.9,M, -9999.9,M, -9999.9,M, -9999.9,M, -9999.9,M, -9999.9,M, -9999.9,M, -9999.9,M, -9999.9,M, -9999.9,M, -9999.9,M,
