2400654,CAPE DYER A              ,NU  ,station not joined, Monthly total of daily adjusted precipitation, mm, Updated to December 2010
2400654,CAPE DYER A              ,NU  ,station pas jointe, Total mensuel des chutes de précipitations quotidiennes ajustées, mm, Mise à jour jusqu à décembre 2010
Year,     Jan, ,     Feb, ,     Mar, ,     Apr, ,     May, ,     Jun, ,     Jul, ,     Aug, ,     Sep, ,     Oct, ,     Nov, ,     Dec, ,  Annual, ,  Winter, ,  Spring, ,  Summer, ,  Autumn
An  ,    Janv, ,     Fév, ,    Mars, ,     Avr, ,     Mai, ,    Juin, ,    Juil, ,    Août, ,    Sept, ,     Oct, ,     Nov, ,     Déc, ,  Annuel, ,   Hiver, ,Printemp, ,     Eté, , Automne
1960,    71.2, ,    52.8, ,    15.1, ,     4.5, ,    17.7, ,    42.2, ,    39.8, ,   176.9, ,    63.1, ,   148.0, ,    44.9, ,    89.8, ,   765.9, , -9999.9,M,    37.2, ,   258.9, ,   256.0, ,
1961,     4.9, ,     9.7, ,    86.7, ,     7.0, ,   111.8, ,    40.0, ,    16.0, ,    92.0, ,    89.7, ,    60.6, ,    29.9, ,   105.5, ,   653.7, ,   104.4, ,   205.5, ,   148.0, ,   180.2, ,
1962,    15.3, ,    12.0, ,    36.8, ,    29.4, ,    71.2, ,    35.8, ,    24.7, ,    61.2, ,    43.5, ,    12.4, ,   103.2, ,   150.7, ,   596.4, ,   132.9, ,   137.4, ,   121.8, ,   159.1, ,
1963,   154.5, ,    44.5, ,    21.3, ,    17.7, ,    73.4, ,    36.1, ,    52.2, ,    78.6, ,   125.2, ,   114.5, ,    58.7, ,    87.0, ,   863.7, ,   349.7, ,   112.3, ,   166.9, ,   298.5, ,
1964,   144.1, ,   209.5, ,    17.2, ,    94.7, ,    25.6, ,    77.3, ,    26.2, ,    18.6, ,   160.7, ,   155.2, ,    87.5, ,   141.9, ,  1158.7, ,   440.6, ,   137.6, ,   122.0, ,   403.4, ,
1965,   183.8, ,   245.7, ,    22.7, ,    11.2, ,    44.2, ,    24.8, ,    24.0, ,   114.9, ,    64.0, ,   107.7, ,    42.7, ,    20.6, ,   906.3, ,   571.5, ,    78.2, ,   163.7, ,   214.3, ,
1966,     5.4, ,    15.7, ,    25.7, ,    40.3, ,     6.2, ,   100.6, ,    40.9, ,    54.8, ,    84.0, ,   280.0, ,    68.9, ,    25.2, ,   747.7, ,    41.7, ,    72.1, ,   196.4, ,   433.0, ,
1967,   115.6, ,    24.6, ,    12.1, ,    59.8, ,    56.0, ,    74.9, ,     2.7, ,    39.0, ,   137.1, ,    49.1, ,   161.1, ,    86.4, ,   818.4, ,   165.5, ,   127.9, ,   116.6, ,   347.2, ,
1968,    13.7, ,   103.1, ,    23.5, ,   156.7, ,    91.3, ,    11.5, ,   139.7, ,    38.8, ,    46.5, ,   276.9, ,    70.8, ,    63.3, ,  1035.7, ,   203.2, ,   271.5, ,   189.9, ,   394.2, ,
1969,   206.6, ,   167.5, ,    63.2, ,    37.4, ,   111.4, ,    40.5, ,    17.4, ,    35.3, ,    76.8, ,    70.0, ,   191.6, ,    16.5, ,  1034.3, ,   437.5, ,   212.0, ,    93.2, ,   338.5, ,
1970,    26.3, ,   129.7, ,    45.6, ,    42.3, ,    43.7, ,    97.9, ,    33.5, ,    65.4, ,   129.2, ,    80.3, ,   196.0, ,   219.6, ,  1109.7, ,   172.6, ,   131.6, ,   196.8, ,   405.6, ,
1971,    37.4, ,    37.7, ,    13.4, ,    26.0, ,    47.3, ,    21.2, ,    75.5, ,    49.9, ,    69.0, ,    48.5, ,    89.5, ,     8.2, ,   523.7, ,   294.7, ,    86.7, ,   146.6, ,   207.1, ,
1972,    26.2, ,    10.7, ,    19.5, ,    29.8, ,    24.9, ,    23.1, ,    30.4, ,    34.1, ,    79.1, ,   237.2, ,    36.2, ,    21.6, ,   572.9, ,    45.1, ,    74.1, ,    87.7, ,   352.5, ,
1973,    37.1, ,    25.0, ,    29.9, ,   116.7, ,   100.7, ,    36.0, ,    84.0, ,     6.7, ,    29.7, ,    60.9, ,    56.4, ,   136.5, ,   719.6, ,    83.8, ,   247.3, ,   126.7, ,   147.1, ,
1974,    61.5, ,     7.2, ,    79.1, ,    67.0, ,     4.0, ,     7.7, ,    75.4, ,    83.3, ,   127.6, ,   206.1, ,    81.5, ,    14.3, ,   814.9, ,   205.2, ,   150.2, ,   166.4, ,   415.2, ,
1975,   185.6, ,    10.5, ,    71.5, ,   105.6, ,   219.0, ,    24.9, ,    32.2, ,    52.0, ,    41.8, ,   167.0, ,    25.2, ,    89.8, ,  1025.3, ,   210.5, ,   396.1, ,   109.1, ,   234.0, ,
1976,    43.3, ,    53.1, ,    31.8, ,    35.4, ,    23.8, ,    11.9, ,    58.3, ,    65.8, ,   147.6, ,    13.0, ,    38.6, ,    73.2, ,   595.8, ,   186.2, ,    91.0, ,   135.9, ,   199.3, ,
1977,   211.2, ,    51.9, ,    74.1, ,   157.1, ,    81.4, ,    26.4, ,    29.7, ,    28.5, ,    37.1, ,   120.3, ,   160.7, ,    58.8, ,  1037.2, ,   336.3, ,   312.6, ,    84.6, ,   318.1, ,
1978,    30.4, ,    13.4, ,    16.9, ,    26.8, ,    85.1, ,    73.6, ,    72.0, ,    70.4, ,    34.8, ,   180.0, ,    91.6, ,   130.5, ,   825.5, ,   102.6, ,   128.9, ,   216.0, ,   306.4, ,
1979,   113.8, ,   245.8, ,   127.2, ,   157.3, ,    30.5, ,   101.0, ,   103.2, ,    33.8, ,   154.8, ,    95.5, ,    21.4, ,    40.3, ,  1224.5, ,   490.1, ,   315.1, ,   237.9, ,   271.7, ,
1980,   159.4, ,     7.5, ,    55.7, ,    53.8, ,    96.9, ,    41.5, ,    39.4, ,     6.8, ,    60.6, ,    98.0, ,    88.1, ,    41.1, ,   748.8, ,   207.2, ,   206.4, ,    87.7, ,   246.7, ,
1981,    33.1, ,    40.2, ,    18.9, ,    32.7, ,    89.0, ,    47.7, ,    39.2, ,    33.5, ,    52.2, ,   137.9, ,    67.7, ,    68.9, ,   661.0, ,   114.4, ,   140.6, ,   120.4, ,   257.8, ,
1982,   187.1, ,    12.5, ,    56.6, ,    67.2, ,    21.9, ,    39.8, ,    60.1, ,    23.0, ,    62.3, ,    60.5, ,    92.5, ,    28.3, ,   711.8, ,   268.5, ,   145.7, ,   122.8, ,   215.3, ,
1983,    11.1, ,    86.1, ,    18.8, ,    53.3, ,   118.5, ,    33.2, ,    84.3, ,    32.2, ,    16.7, ,    24.6, ,   194.3, ,   196.9, ,   870.1, ,   125.5, ,   190.6, ,   149.7, ,   235.5, ,
1984,    23.3, ,     7.0, ,    26.9, ,    39.2, ,    27.8, ,    17.1, ,    23.3, ,    31.3, ,   118.1, ,    92.4, ,   138.7, ,    44.7, ,   589.6, ,   227.1, ,    93.9, ,    71.6, ,   349.3, ,
1985,    31.1, ,    15.5, ,    38.8, ,    42.6, ,    32.6, ,    30.0, ,    30.6, ,    40.7, ,    50.7, ,    27.2, ,   122.6, ,   223.0, ,   685.5, ,    91.2, ,   114.1, ,   101.3, ,   200.5, ,
1986,    77.8, ,   136.6, ,   111.4, ,    41.4, ,    93.8, ,    43.4, ,    25.9, ,   111.2, ,    99.4, ,   159.3, ,    58.1, ,    29.7, ,   988.0, ,   437.4, ,   246.6, ,   180.5, ,   316.8, ,
1987,   128.5, ,     3.8, ,    29.8, ,    33.6, ,   125.2, ,    83.0, ,    10.1, ,   107.6, ,    75.9, ,    68.1, ,   135.0, ,     3.0, ,   803.7, ,   162.0, ,   188.6, ,   200.7, ,   279.0, ,
1988,    75.1, ,   181.9, ,    51.8, ,    17.6, ,    68.1, ,    54.9, ,    68.7, ,    94.3, ,    67.8, ,   259.8, ,   141.6, ,    50.6, ,  1131.9, ,   259.9, ,   137.5, ,   217.8, ,   469.1, ,
1989,    25.4, ,     7.1, ,    23.0, ,    87.0, ,    66.9, ,    18.8, ,    31.7, ,    59.8, ,    53.5, ,   152.8, ,   266.4, ,    56.9, ,   849.2, ,    83.1, ,   176.8, ,   110.2, ,   472.7, ,
1990,    10.7, ,     6.9, ,    46.3, ,    45.5, ,    61.9, ,    12.9, , -9999.9,M,    41.3, ,    31.4, ,   113.0, ,    49.2, ,   108.4, , -9999.9,M,    74.5, ,   153.7, , -9999.9,M,   193.7, ,
1991,    12.5, ,    75.2, ,    31.8, ,    61.7, ,    29.3, ,     5.6, ,     4.1, ,    74.1, ,   164.7, ,   138.6, ,    85.1, ,   145.5, ,   828.1, ,   196.1, ,   122.8, ,    83.8, ,   388.3, ,
1992,   104.3, ,    16.9, ,     4.9, ,    26.2, ,    60.0, ,    36.3, ,    11.7, ,    42.4, ,   122.7, ,    96.0, ,    52.7, ,    67.0, ,   641.1, ,   266.6, ,    91.1, ,    90.5, ,   271.4, ,
1993,    23.9, ,    25.1, ,     6.2, , -9999.9,M, -9999.9,M, -9999.9,M, -9999.9,M, -9999.9,M, -9999.9,M, -9999.9,M, -9999.9,M, -9999.9,M, -9999.9,M,   116.0, , -9999.9,M, -9999.9,M, -9999.9,M,
1994, -9999.9,M, -9999.9,M, -9999.9,M, -9999.9,M, -9999.9,M, -9999.9,M, -9999.9,M, -9999.9,M, -9999.9,M, -9999.9,M, -9999.9,M, -9999.9,M, -9999.9,M, -9999.9,M, -9999.9,M, -9999.9,M, -9999.9,M,
1995, -9999.9,M, -9999.9,M, -9999.9,M, -9999.9,M, -9999.9,M, -9999.9,M, -9999.9,M, -9999.9,M, -9999.9,M, -9999.9,M, -9999.9,M, -9999.9,M, -9999.9,M, -9999.9,M, -9999.9,M, -9999.9,M, -9999.9,M,
1996, -9999.9,M, -9999.9,M, -9999.9,M, -9999.9,M, -9999.9,M, -9999.9,M, -9999.9,M, -9999.9,M, -9999.9,M, -9999.9,M, -9999.9,M, -9999.9,M, -9999.9,M, -9999.9,M, -9999.9,M, -9999.9,M, -9999.9,M,
1997, -9999.9,M, -9999.9,M, -9999.9,M, -9999.9,M, -9999.9,M, -9999.9,M, -9999.9,M, -9999.9,M, -9999.9,M, -9999.9,M, -9999.9,M, -9999.9,M, -9999.9,M, -9999.9,M, -9999.9,M, -9999.9,M, -9999.9,M,
1998, -9999.9,M, -9999.9,M, -9999.9,M, -9999.9,M, -9999.9,M, -9999.9,M, -9999.9,M, -9999.9,M, -9999.9,M, -9999.9,M, -9999.9,M, -9999.9,M, -9999.9,M, -9999.9,M, -9999.9,M, -9999.9,M, -9999.9,M,
1999, -9999.9,M, -9999.9,M, -9999.9,M, -9999.9,M, -9999.9,M, -9999.9,M, -9999.9,M, -9999.9,M, -9999.9,M, -9999.9,M, -9999.9,M, -9999.9,M, -9999.9,M, -9999.9,M, -9999.9,M, -9999.9,M, -9999.9,M,
2000, -9999.9,M, -9999.9,M, -9999.9,M, -9999.9,M, -9999.9,M, -9999.9,M, -9999.9,M, -9999.9,M, -9999.9,M, -9999.9,M, -9999.9,M, -9999.9,M, -9999.9,M, -9999.9,M, -9999.9,M, -9999.9,M, -9999.9,M,
2001, -9999.9,M, -9999.9,M, -9999.9,M, -9999.9,M, -9999.9,M, -9999.9,M, -9999.9,M, -9999.9,M, -9999.9,M, -9999.9,M, -9999.9,M, -9999.9,M, -9999.9,M, -9999.9,M, -9999.9,M, -9999.9,M, -9999.9,M,
2002, -9999.9,M, -9999.9,M, -9999.9,M, -9999.9,M, -9999.9,M, -9999.9,M, -9999.9,M, -9999.9,M, -9999.9,M, -9999.9,M, -9999.9,M, -9999.9,M, -9999.9,M, -9999.9,M, -9999.9,M, -9999.9,M, -9999.9,M,
2003, -9999.9,M, -9999.9,M, -9999.9,M, -9999.9,M, -9999.9,M, -9999.9,M, -9999.9,M, -9999.9,M, -9999.9,M, -9999.9,M, -9999.9,M, -9999.9,M, -9999.9,M, -9999.9,M, -9999.9,M, -9999.9,M, -9999.9,M,
2004, -9999.9,M, -9999.9,M, -9999.9,M, -9999.9,M, -9999.9,M, -9999.9,M, -9999.9,M, -9999.9,M, -9999.9,M, -9999.9,M, -9999.9,M, -9999.9,M, -9999.9,M, -9999.9,M, -9999.9,M, -9999.9,M, -9999.9,M,
2005, -9999.9,M, -9999.9,M, -9999.9,M, -9999.9,M, -9999.9,M, -9999.9,M, -9999.9,M, -9999.9,M, -9999.9,M, -9999.9,M, -9999.9,M, -9999.9,M, -9999.9,M, -9999.9,M, -9999.9,M, -9999.9,M, -9999.9,M,
2006, -9999.9,M, -9999.9,M, -9999.9,M, -9999.9,M, -9999.9,M, -9999.9,M, -9999.9,M, -9999.9,M, -9999.9,M, -9999.9,M, -9999.9,M, -9999.9,M, -9999.9,M, -9999.9,M, -9999.9,M, -9999.9,M, -9999.9,M,
2007, -9999.9,M, -9999.9,M, -9999.9,M, -9999.9,M, -9999.9,M, -9999.9,M, -9999.9,M, -9999.9,M, -9999.9,M, -9999.9,M, -9999.9,M, -9999.9,M, -9999.9,M, -9999.9,M, -9999.9,M, -9999.9,M, -9999.9,M,
2008, -9999.9,M, -9999.9,M, -9999.9,M, -9999.9,M, -9999.9,M, -9999.9,M, -9999.9,M, -9999.9,M, -9999.9,M, -9999.9,M, -9999.9,M, -9999.9,M, -9999.9,M, -9999.9,M, -9999.9,M, -9999.9,M, -9999.9,M,
2009, -9999.9,M, -9999.9,M, -9999.9,M, -9999.9,M, -9999.9,M, -9999.9,M, -9999.9,M, -9999.9,M, -9999.9,M, -9999.9,M, -9999.9,M, -9999.9,M, -9999.9,M, -9999.9,M, -9999.9,M, -9999.9,M, -9999.9,M,
2010, -9999.9,M, -9999.9,M, -9999.9,M, -9999.9,M, -9999.9,M, -9999.9,M, -9999.9,M, -9999.9,M, -9999.9,M, -9999.9,M, -9999.9,M, -9999.9,M, -9999.9,M, -9999.9,M, -9999.9,M, -9999.9,M, -9999.9,M,
