3023560,JENNER                   ,AB  ,station not joined, Monthly total of daily adjusted precipitation, mm, Updated to December 2011
3023560,JENNER                   ,AB  ,station pas jointe, Total mensuel des chutes de précipitations quotidiennes ajustées, mm, Mise à jour jusqu à décembre 2011
Year,     Jan, ,     Feb, ,     Mar, ,     Apr, ,     May, ,     Jun, ,     Jul, ,     Aug, ,     Sep, ,     Oct, ,     Nov, ,     Dec, ,  Annual, ,  Winter, ,  Spring, ,  Summer, ,  Autumn
An  ,    Janv, ,     Fév, ,    Mars, ,     Avr, ,     Mai, ,    Juin, ,    Juil, ,    Août, ,    Sept, ,     Oct, ,     Nov, ,     Déc, ,  Annuel, ,   Hiver, ,Printemp, ,     Eté, , Automne
1916,    35.6, ,    24.6, ,     1.6, ,     3.4, ,    59.5, ,   115.0, ,   160.4, ,    53.7, ,    93.5, ,    48.4, ,     5.9, ,    40.5, ,   642.2, , -9999.9,M,    64.6, ,   329.1, ,   147.9, ,
1917,    11.6, ,    16.8, ,     8.2, ,     6.8, ,    77.4, ,    71.2, ,    16.2, ,   118.6, ,    17.0, ,    25.4, ,     0.1, ,    56.4, ,   425.6, ,    68.8, ,    92.3, ,   206.0, ,    42.5, ,
1918,    53.2, ,    18.8, ,     1.5, , -9999.9,M,    21.0, ,    21.5, ,    23.8, ,    32.8, ,     3.3, , -9999.9,M,     5.9, ,    23.9, , -9999.9,M,   128.4, , -9999.9,M,    78.1, , -9999.9,M,
1919,    12.3, ,    27.7, ,    19.7, ,    47.4, ,    35.8, ,    21.1, ,    21.6, ,    36.3, ,    42.0, ,    17.3, , -9999.9,M, -9999.9,M, -9999.9,M,    64.0, ,   103.0, ,    79.0, , -9999.9,M,
1920, -9999.9,M, -9999.9,M, -9999.9,M, -9999.9,M, -9999.9,M,    56.2, ,    49.2, , -9999.9,M, -9999.9,M, -9999.9,M, -9999.9,M, -9999.9,M, -9999.9,M, -9999.9,M, -9999.9,M, -9999.9,M, -9999.9,M,
1921,    14.0, ,    17.3, ,    32.7, ,    34.7, ,    44.7, ,    28.9, ,    52.7, ,    16.5, ,    41.7, , -9999.9,M, -9999.9,M, -9999.9,M, -9999.9,M, -9999.9,M,   112.1, ,    98.0, , -9999.9,M,
1922, -9999.9,M, -9999.9,M, -9999.9,M,    31.6, ,    21.8, ,    42.7, ,    13.2, ,    38.0, , -9999.9,M, -9999.9,M, -9999.9,M, -9999.9,M, -9999.9,M, -9999.9,M, -9999.9,M,    93.9, , -9999.9,M,
1923, -9999.9,M, -9999.9,M, -9999.9,M, -9999.9,M,    82.8, ,   155.2, ,    88.3, ,    30.2, ,     0.0, , -9999.9,M, -9999.9,M, -9999.9,M, -9999.9,M, -9999.9,M, -9999.9,M,   273.6, , -9999.9,M,
1924,    14.8, ,     1.1, ,    11.9, ,    10.1, ,    14.9, ,    32.0, ,    29.2, ,    54.5, ,    33.0, ,     5.7, ,    16.9, ,    16.7, ,   240.9, , -9999.9,M,    37.0, ,   115.7, ,    55.6, ,
1925,     6.3, ,    10.5, ,    30.4, ,    66.2, ,    10.4, ,    41.9, ,    72.2, ,    13.3, ,    65.5, ,    22.4, ,     5.8, ,    17.7, ,   362.6, ,    33.4, ,   107.1, ,   127.5, ,    93.7, ,
1926,    28.6, ,    31.8, ,    13.8, ,    13.1, ,    26.5, ,    27.8, ,    42.3, ,    24.3, ,    31.1, ,    12.6, ,    37.6, ,    20.4, ,   309.9, ,    78.0, ,    53.4, ,    94.4, ,    81.3, ,
1927,     7.2, ,    21.7, ,    27.9, ,    57.7, ,   123.2, ,    86.2, ,    71.5, ,    11.2, ,    41.9, ,    18.6, ,    52.9, ,    40.6, ,   560.5, ,    49.2, ,   208.8, ,   168.9, ,   113.4, ,
1928,     8.7, ,     6.3, ,     2.0, ,    26.2, ,     9.6, ,   119.6, ,    58.0, ,    43.0, ,     4.7, ,    18.9, ,     0.6, ,    12.5, ,   310.1, ,    55.5, ,    37.8, ,   220.6, ,    24.2, ,
1929,    26.2, ,     5.3, ,    14.4, ,    46.5, ,    28.1, ,     8.3, ,    22.1, ,     9.2, ,     6.3, ,     1.5, ,    23.3, ,    31.9, ,   223.0, ,    44.1, ,    89.0, ,    39.6, ,    31.0, ,
1930,     4.7, ,     9.9, ,     5.7, ,    53.3, ,    38.0, ,    38.3, ,    14.9, ,    40.4, ,    85.9, ,    16.4, ,     7.2, ,    13.1, ,   327.9, ,    46.5, ,    97.0, ,    93.6, ,   109.5, ,
1931,     0.0, ,     0.1, ,    11.6, ,     9.8, ,    11.6, ,    77.5, ,    17.6, ,    17.6, ,    38.8, ,    12.3, ,    13.0, ,    36.1, ,   245.9, ,    13.2, ,    33.0, ,   112.6, ,    64.0, ,
1932,    27.2, ,    16.3, ,     4.7, ,    38.1, ,    99.7, ,    53.2, ,    28.2, ,    68.7, ,    63.1, ,    27.0, ,    31.2, ,     7.6, ,   465.0, ,    79.6, ,   142.5, ,   150.2, ,   121.3, ,
1933,     4.3, ,    25.0, ,    15.4, ,    23.0, ,    42.9, ,    27.0, ,     5.5, ,    38.4, ,    19.3, ,    49.4, ,    18.4, ,    34.6, ,   303.2, ,    36.9, ,    81.4, ,    70.9, ,    87.0, ,
1934,    21.8, ,     3.0, ,    21.6, ,    10.8, ,     7.3, ,    70.2, ,    36.9, ,     8.9, ,    53.4, ,     1.8, ,    32.5, ,     7.5, ,   275.7, ,    59.4, ,    39.8, ,   115.9, ,    87.7, ,
1935,    60.6, ,    10.1, ,    29.9, ,    50.8, ,    49.9, ,    15.1, ,    23.4, ,     9.4, , -9999.9,M,    46.2, ,    11.8, ,    16.8, , -9999.9,M,    78.3, ,   130.5, ,    47.9, , -9999.9,M,
1936,    45.1, ,    14.0, ,    26.4, ,    28.0, ,    68.7, ,    28.6, ,     5.7, ,    15.1, ,    26.8, ,    14.2, ,     7.5, ,    30.4, ,   310.5, ,    75.9, ,   123.1, ,    49.3, ,    48.5, ,
1937,     4.3, ,    23.0, ,    11.5, ,     2.8, ,    26.2, ,    15.5, ,    12.3, ,    23.0, ,    18.3, ,    43.8, ,    60.6, ,    33.4, ,   274.9, ,    57.8, ,    40.5, ,    50.8, ,   122.8, ,
1938,    23.1, ,    30.3, ,    18.8, ,    22.0, ,    47.2, ,    37.1, ,    31.8, ,    46.5, ,    37.3, ,    35.2, ,    11.9, ,    17.6, ,   358.8, ,    86.8, ,    87.9, ,   115.4, ,    84.4, ,
1939,    23.1, ,    16.0, ,    18.8, ,    15.3, ,    44.6, ,   104.0, ,    13.8, ,     5.6, ,    11.5, ,    35.3, ,    11.5, ,    11.6, ,   311.1, ,    56.6, ,    78.7, ,   123.4, ,    58.3, ,
1940,    14.4, ,    40.3, ,    46.2, ,    50.6, ,    41.9, ,    44.5, ,    73.1, ,     2.8, ,    40.9, ,    55.0, ,    27.6, ,     7.2, ,   444.4, ,    66.3, ,   138.6, ,   120.4, ,   123.5, ,
1941,    17.3, ,    13.0, ,    30.4, ,    18.4, ,    51.6, ,    26.9, ,    41.3, ,    58.3, ,    41.2, ,     2.8, ,     0.0, ,     4.2, ,   305.4, ,    37.5, ,   100.4, ,   126.5, ,    44.0, ,
1942,     7.2, ,    13.0, ,    17.2, ,    22.6, ,    32.5, ,    94.0, ,    79.1, ,    47.0, ,    53.1, ,    13.7, ,    27.6, ,     7.2, ,   414.2, ,    24.4, ,    72.3, ,   220.1, ,    94.4, ,
1943,    26.6, ,    23.1, ,    31.1, ,     7.6, ,    22.7, ,    17.4, ,    23.5, ,    48.7, ,    18.0, ,    14.1, ,     0.7, ,     3.6, ,   237.3, ,    56.9, ,    61.4, ,    89.6, ,    32.8, ,
1944,    20.3, ,    28.9, ,    38.8, ,     0.0, ,    44.2, ,    46.6, ,    33.5, ,    52.2, ,    28.4, ,     6.6, ,    19.0, ,     4.3, ,   322.6, ,    52.9, ,    82.9, ,   132.2, ,    53.9, ,
1945,    26.1, ,    31.9, ,    11.5, ,    33.2, ,    25.1, ,    57.3, ,     5.4, ,    17.7, ,    49.0, ,    17.4, ,    18.6, ,    24.6, ,   318.0, ,    62.3, ,    69.8, ,    80.4, ,    85.1, ,
1946,    14.4, ,    17.2, ,    14.5, ,    14.5, ,    37.6, ,    76.0, ,    11.3, ,   132.2, ,    71.0, ,    63.8, ,    37.7, ,    31.8, ,   521.8, ,    56.2, ,    66.6, ,   219.4, ,   172.5, ,
1947,    14.4, ,    17.2, ,     7.3, ,    28.4, ,    18.5, ,    82.2, ,     0.0, ,    71.9, ,    47.1, ,    16.5, ,    46.3, ,    27.5, ,   377.1, ,    63.4, ,    54.1, ,   154.1, ,   109.9, ,
1948,    22.8, ,    46.3, ,    23.0, ,    24.4, ,    37.2, ,    20.3, ,    46.0, ,    20.3, ,    11.3, ,     7.8, , -9999.9,M,    27.6, , -9999.9,M,    96.6, ,    84.5, ,    86.6, , -9999.9,M,
1949,    13.0, ,     5.7, ,     7.3, ,    12.0, ,   104.7, ,    66.1, ,    22.1, ,    15.9, ,    11.5, ,    23.1, ,    20.1, ,    26.1, ,   327.6, ,    46.3, ,   123.9, ,   104.1, ,    54.7, ,
1950,    20.2, ,     2.9, ,    20.3, ,     9.0, ,     4.4, ,    36.8, ,    83.6, ,    54.0, ,     7.2, ,    36.0, ,     2.9, ,    14.4, ,   291.5, ,    49.1, ,    33.7, ,   174.4, ,    46.0, ,
1951,    17.3, ,    40.6, ,    33.4, ,    17.4, ,    36.8, ,    29.3, , -9999.9,M,    69.8, ,    22.8, ,    28.7, ,    12.0, ,    17.3, , -9999.9,M,    72.3, ,    87.7, , -9999.9,M,    63.4, ,
1952,    11.4, ,    14.4, ,    14.5, ,     2.8, ,    23.9, ,    85.5, ,    22.8, ,    46.1, ,    15.6, ,     4.2, , -9999.9,M,     8.7, , -9999.9,M,    43.0, ,    41.2, ,   154.4, , -9999.9,M,
1953,    43.5, ,    23.1, ,    31.8, ,    26.1, ,    33.0, , -9999.9,M,    42.4, ,    38.9, ,    23.6, , -9999.9,M,     2.8, ,    11.6, , -9999.9,M,    75.3, ,    90.9, , -9999.9,M, -9999.9,M,
1954,    34.8, ,     8.7, ,    20.3, ,    20.2, ,    44.9, ,    59.2, ,    46.1, ,   156.4, ,   102.2, ,     9.2, ,     5.8, ,    11.5, ,   519.2, ,    55.0, ,    85.3, ,   261.8, ,   117.2, ,
1955,    14.4, ,    18.8, ,    24.6, ,    23.6, ,    59.5, ,    32.0, ,    37.6, ,    14.9, ,    47.2, ,    12.1, ,    11.6, ,    11.4, ,   307.6, ,    44.7, ,   107.7, ,    84.5, ,    70.9, ,
1956,    11.4, ,    17.3, ,    31.8, ,    14.5, ,    26.6, ,   108.5, ,    77.3, ,   103.2, ,    48.4, ,     8.4, ,     5.8, ,    20.3, ,   473.5, ,    40.1, ,    72.8, ,   289.1, ,    62.6, ,
1957,    17.3, ,    11.5, ,    17.3, ,    33.8, ,    12.4, ,    48.7, ,    15.6, ,    51.9, ,    12.6, ,    34.8, ,    54.7, ,     4.3, ,   315.1, ,    49.1, ,    63.6, ,   116.2, ,   102.1, ,
1958,     8.7, ,    23.0, ,    25.7, ,    20.1, ,    37.5, ,    65.2, ,    63.6, ,    43.1, ,    94.6, ,     3.6, ,    20.3, ,     1.6, ,   407.0, ,    36.0, ,    83.3, ,   171.9, ,   118.5, ,
1959,    14.7, ,     2.9, ,    11.6, ,    14.5, ,    53.3, ,    88.2, ,    34.1, ,    65.4, ,    20.5, ,    14.8, ,    19.6, , -9999.9,M, -9999.9,M,    19.1, ,    79.4, ,   187.7, ,    54.9, ,
1960, -9999.9,M, -9999.9,M, -9999.9,M, -9999.9,M, -9999.9,M, -9999.9,M, -9999.9,M, -9999.9,M, -9999.9,M, -9999.9,M, -9999.9,M, -9999.9,M, -9999.9,M, -9999.9,M, -9999.9,M, -9999.9,M, -9999.9,M,
1961, -9999.9,M, -9999.9,M, -9999.9,M, -9999.9,M, -9999.9,M, -9999.9,M, -9999.9,M, -9999.9,M, -9999.9,M, -9999.9,M, -9999.9,M, -9999.9,M, -9999.9,M, -9999.9,M, -9999.9,M, -9999.9,M, -9999.9,M,
1962, -9999.9,M,     3.3, ,     3.7, ,     0.3, ,    38.6, ,    45.1, ,    64.5, ,     3.3, ,    34.5, , -9999.9,M, -9999.9,M, -9999.9,M, -9999.9,M, -9999.9,M,    42.6, ,   112.9, , -9999.9,M,
1963, -9999.9,M, -9999.9,M, -9999.9,M, -9999.9,M, -9999.9,M, -9999.9,M, -9999.9,M, -9999.9,M, -9999.9,M, -9999.9,M, -9999.9,M, -9999.9,M, -9999.9,M, -9999.9,M, -9999.9,M, -9999.9,M, -9999.9,M,
1964, -9999.9,M, -9999.9,M, -9999.9,M, -9999.9,M, -9999.9,M, -9999.9,M, -9999.9,M, -9999.9,M, -9999.9,M, -9999.9,M, -9999.9,M, -9999.9,M, -9999.9,M, -9999.9,M, -9999.9,M, -9999.9,M, -9999.9,M,
1965, -9999.9,M, -9999.9,M, -9999.9,M, -9999.9,M, -9999.9,M, -9999.9,M, -9999.9,M, -9999.9,M, -9999.9,M, -9999.9,M, -9999.9,M, -9999.9,M, -9999.9,M, -9999.9,M, -9999.9,M, -9999.9,M, -9999.9,M,
1966, -9999.9,M, -9999.9,M, -9999.9,M, -9999.9,M, -9999.9,M, -9999.9,M, -9999.9,M, -9999.9,M, -9999.9,M, -9999.9,M, -9999.9,M, -9999.9,M, -9999.9,M, -9999.9,M, -9999.9,M, -9999.9,M, -9999.9,M,
1967, -9999.9,M, -9999.9,M, -9999.9,M, -9999.9,M, -9999.9,M, -9999.9,M, -9999.9,M, -9999.9,M, -9999.9,M, -9999.9,M, -9999.9,M, -9999.9,M, -9999.9,M, -9999.9,M, -9999.9,M, -9999.9,M, -9999.9,M,
1968, -9999.9,M, -9999.9,M, -9999.9,M, -9999.9,M, -9999.9,M, -9999.9,M, -9999.9,M, -9999.9,M, -9999.9,M, -9999.9,M, -9999.9,M, -9999.9,M, -9999.9,M, -9999.9,M, -9999.9,M, -9999.9,M, -9999.9,M,
1969, -9999.9,M, -9999.9,M, -9999.9,M, -9999.9,M, -9999.9,M, -9999.9,M, -9999.9,M, -9999.9,M, -9999.9,M, -9999.9,M, -9999.9,M, -9999.9,M, -9999.9,M, -9999.9,M, -9999.9,M, -9999.9,M, -9999.9,M,
1970, -9999.9,M, -9999.9,M, -9999.9,M, -9999.9,M, -9999.9,M, -9999.9,M, -9999.9,M, -9999.9,M, -9999.9,M, -9999.9,M, -9999.9,M, -9999.9,M, -9999.9,M, -9999.9,M, -9999.9,M, -9999.9,M, -9999.9,M,
1971, -9999.9,M, -9999.9,M, -9999.9,M, -9999.9,M, -9999.9,M, -9999.9,M, -9999.9,M, -9999.9,M, -9999.9,M, -9999.9,M, -9999.9,M, -9999.9,M, -9999.9,M, -9999.9,M, -9999.9,M, -9999.9,M, -9999.9,M,
1972, -9999.9,M, -9999.9,M, -9999.9,M, -9999.9,M, -9999.9,M, -9999.9,M, -9999.9,M, -9999.9,M, -9999.9,M, -9999.9,M, -9999.9,M, -9999.9,M, -9999.9,M, -9999.9,M, -9999.9,M, -9999.9,M, -9999.9,M,
1973, -9999.9,M, -9999.9,M, -9999.9,M, -9999.9,M, -9999.9,M, -9999.9,M, -9999.9,M, -9999.9,M, -9999.9,M, -9999.9,M, -9999.9,M, -9999.9,M, -9999.9,M, -9999.9,M, -9999.9,M, -9999.9,M, -9999.9,M,
1974, -9999.9,M, -9999.9,M, -9999.9,M, -9999.9,M, -9999.9,M, -9999.9,M, -9999.9,M, -9999.9,M, -9999.9,M, -9999.9,M, -9999.9,M, -9999.9,M, -9999.9,M, -9999.9,M, -9999.9,M, -9999.9,M, -9999.9,M,
1975, -9999.9,M, -9999.9,M, -9999.9,M, -9999.9,M, -9999.9,M, -9999.9,M, -9999.9,M, -9999.9,M, -9999.9,M, -9999.9,M, -9999.9,M, -9999.9,M, -9999.9,M, -9999.9,M, -9999.9,M, -9999.9,M, -9999.9,M,
1976, -9999.9,M, -9999.9,M, -9999.9,M, -9999.9,M, -9999.9,M, -9999.9,M, -9999.9,M, -9999.9,M, -9999.9,M, -9999.9,M, -9999.9,M, -9999.9,M, -9999.9,M, -9999.9,M, -9999.9,M, -9999.9,M, -9999.9,M,
1977, -9999.9,M, -9999.9,M, -9999.9,M, -9999.9,M, -9999.9,M, -9999.9,M, -9999.9,M, -9999.9,M, -9999.9,M, -9999.9,M, -9999.9,M, -9999.9,M, -9999.9,M, -9999.9,M, -9999.9,M, -9999.9,M, -9999.9,M,
1978, -9999.9,M, -9999.9,M, -9999.9,M, -9999.9,M, -9999.9,M, -9999.9,M, -9999.9,M, -9999.9,M, -9999.9,M, -9999.9,M, -9999.9,M, -9999.9,M, -9999.9,M, -9999.9,M, -9999.9,M, -9999.9,M, -9999.9,M,
1979, -9999.9,M, -9999.9,M, -9999.9,M, -9999.9,M, -9999.9,M, -9999.9,M, -9999.9,M, -9999.9,M, -9999.9,M, -9999.9,M, -9999.9,M, -9999.9,M, -9999.9,M, -9999.9,M, -9999.9,M, -9999.9,M, -9999.9,M,
1980, -9999.9,M, -9999.9,M, -9999.9,M, -9999.9,M, -9999.9,M, -9999.9,M, -9999.9,M, -9999.9,M, -9999.9,M, -9999.9,M, -9999.9,M, -9999.9,M, -9999.9,M, -9999.9,M, -9999.9,M, -9999.9,M, -9999.9,M,
1981, -9999.9,M, -9999.9,M, -9999.9,M, -9999.9,M, -9999.9,M, -9999.9,M, -9999.9,M, -9999.9,M, -9999.9,M, -9999.9,M, -9999.9,M, -9999.9,M, -9999.9,M, -9999.9,M, -9999.9,M, -9999.9,M, -9999.9,M,
1982, -9999.9,M, -9999.9,M, -9999.9,M, -9999.9,M, -9999.9,M,    30.5, ,    44.5, ,    19.6, ,    67.0, ,     8.3, ,    11.5, ,     8.7, , -9999.9,M, -9999.9,M, -9999.9,M,    94.7, ,    86.8, ,
1983,    11.0, ,     2.3, ,    30.1, ,    32.5, ,     7.2, ,    52.5, ,    59.4, , -9999.9,M, -9999.9,M, -9999.9,M, -9999.9,M, -9999.9,M, -9999.9,M,    21.9, ,    69.8, , -9999.9,M, -9999.9,M,
1984,    18.4, ,     0.3, ,    17.3, ,    24.7, ,    36.5, ,    55.0, ,    30.5, ,     8.6, ,    63.8, ,    22.8, ,     1.6, ,    22.0, ,   301.4, , -9999.9,M,    78.5, ,    94.1, ,    88.2, ,
1985,     1.6, ,    11.0, ,    15.2, ,    43.6, ,    31.8, ,    14.5, ,    40.6, ,    59.9, ,    41.4, ,    16.7, , -9999.9,M, -9999.9,M, -9999.9,M,    34.5, ,    90.7, ,   114.9, , -9999.9,M,
1986,     1.4, ,    10.4, ,    24.3, , -9999.9,M,    68.4, ,    26.0, ,    43.3, ,    28.1, , -9999.9,M,    28.2, ,    15.4, ,     3.9, , -9999.9,M, -9999.9,M, -9999.9,M,    97.4, , -9999.9,M,
1987,     4.4, ,     8.3, ,    24.6, , -9999.9,M,    15.5, ,    23.5, , -9999.9,M,    72.0, , -9999.9,M, -9999.9,M, -9999.9,M, -9999.9,M, -9999.9,M,    16.6, , -9999.9,M, -9999.9,M, -9999.9,M,
1988, -9999.9,M, -9999.9,M, -9999.9,M,     0.2, ,     3.6, ,    73.0, , -9999.9,M,    50.1, ,    37.0, , -9999.9,M, -9999.9,M,    27.7, , -9999.9,M, -9999.9,M, -9999.9,M, -9999.9,M, -9999.9,M,
1989,    28.0, , -9999.9,M, -9999.9,M,    15.9, ,    41.5, ,    54.0, , -9999.9,M,    61.4, ,    26.1, ,     4.8, , -9999.9,M,    29.5, , -9999.9,M, -9999.9,M, -9999.9,M, -9999.9,M, -9999.9,M,
1990,     7.4, , -9999.9,M,    28.6, ,    20.0, , -9999.9,M, -9999.9,M,    22.9, ,    12.4, ,     8.3, ,     4.7, ,    14.8, ,     7.7, , -9999.9,M, -9999.9,M, -9999.9,M, -9999.9,M,    27.8, ,
1991,     4.3, ,     5.4, ,    14.7, ,    52.4, ,    41.4, ,   147.7, ,    31.6, ,    40.6, ,     3.9, ,    26.7, ,     2.8, ,     5.7, ,   377.2, ,    17.5, ,   108.5, ,   219.9, ,    33.3, ,
1992,    18.5, ,    12.0, ,     0.3, ,    26.3, ,    56.0, ,    65.4, , -9999.9,M,    63.5, ,    23.6, ,    28.1, , -9999.9,M, -9999.9,M, -9999.9,M,    36.2, ,    82.6, , -9999.9,M, -9999.9,M,
1993,     9.1, ,    16.1, ,    48.0, ,    69.9, ,    16.3, ,   137.2, ,    71.1, ,    40.8, ,    35.6, ,    22.7, ,    40.9, ,    11.5, ,   519.1, , -9999.9,M,   134.1, ,   249.1, ,    99.2, ,
1994, -9999.9,M, -9999.9,M, -9999.9,M, -9999.9,M, -9999.9,M, -9999.9,M, -9999.9,M,    10.2, ,    35.4, ,    53.5, ,    10.5, ,     2.7, , -9999.9,M, -9999.9,M, -9999.9,M, -9999.9,M,    99.3, ,
1995,     8.4, , -9999.9,M,    25.9, ,    35.4, ,    49.6, ,    55.4, ,    75.8, ,    36.8, ,    41.6, ,    28.7, , -9999.9,M,    29.9, , -9999.9,M, -9999.9,M,   110.9, ,   168.1, , -9999.9,M,
1996,    25.7, ,     3.4, ,    17.4, , -9999.9,M, -9999.9,M,    52.1, ,    10.3, ,    22.5, ,    76.4, ,    12.6, ,    53.6, ,    43.4, , -9999.9,M,    59.0, , -9999.9,M,    84.8, ,   142.6, ,
1997,    12.6, ,     1.8, ,    49.8, ,    10.0, ,    43.5, ,    70.3, ,    14.2, ,    34.2, ,    28.2, ,    16.4, ,     4.0, ,     8.3, ,   293.3, ,    57.8, ,   103.3, ,   118.6, ,    48.7, ,
1998,    17.9, ,     4.6, ,    27.7, ,    10.6, ,    23.7, ,   174.0, ,    68.4, ,    42.7, ,    32.9, ,    15.9, ,    10.3, ,    26.5, ,   455.2, ,    30.8, ,    62.0, ,   285.2, ,    59.0, ,
1999,    49.7, ,     1.7, ,    13.9, ,    38.4, ,   106.7, ,    87.0, ,   106.2, ,    60.1, ,    20.4, ,    13.6, ,     9.1, ,     5.0, ,   511.9, ,    78.0, ,   159.0, ,   253.4, ,    43.0, ,
2000,    22.4, ,    23.4, ,    19.8, ,    21.8, ,    28.2, ,    70.2, ,    14.5, ,    22.9, ,    27.4, ,     7.4, ,    27.6, ,    23.5, ,   309.0, ,    50.8, ,    69.8, ,   107.6, ,    62.4, ,
2001,     5.9, ,    27.6, ,     7.5, ,    17.0, ,    24.7, ,    28.0, ,    21.4, ,     2.6, ,    12.8, ,    18.4, ,    30.4, ,     6.9, ,   203.1, ,    56.9, ,    49.2, ,    52.0, ,    61.5, ,
2002,    21.7, ,    14.5, ,    22.9, ,     6.4, ,    11.7, ,   117.7, ,    57.5, ,    45.7, ,    80.2, ,    19.4, ,     7.1, ,    10.3, ,   415.0, ,    43.1, ,    41.0, ,   220.9, ,   106.7, ,
2003,    15.7, ,    45.7, ,    14.3, ,    46.7, ,    89.4, ,    78.7, ,     7.0, ,    30.7, ,    33.4, ,    38.3, ,    29.1, ,     3.1, ,   432.1, ,    71.7, ,   150.4, ,   116.4, ,   100.8, ,
2004,    47.8, ,     2.5, ,     5.0, ,    26.8, ,    51.7, ,    53.3, ,    57.8, ,    92.5, ,    10.9, ,     6.7, ,     4.6, ,    36.7, ,   396.3, ,    53.3, ,    83.5, ,   203.6, ,    22.2, ,
2005,    20.7, ,     4.0, ,    13.2, ,    27.8, ,    17.9, ,   239.1, ,    25.2, ,   125.3, ,    95.8, ,    17.7, ,    15.9, ,    13.1, ,   615.8, ,    61.4, ,    58.8, ,   389.6, ,   129.5, ,
2006,    27.8, ,    15.2, ,    52.5, ,    33.3, ,    89.6, ,    90.0, ,     6.9, ,    37.1, ,    30.8, ,    23.6, ,    26.6, ,    10.5, ,   443.8, ,    56.0, ,   175.4, ,   134.0, ,    81.0, ,
2007,     4.1, ,    24.2, ,     7.6, ,    66.7, ,    58.3, ,    70.8, ,    11.1, ,    38.1, ,    35.5, ,     5.9, ,     7.6, , -9999.9,M, -9999.9,M,    38.8, ,   132.6, ,   120.0, ,    49.0, ,
2008, -9999.9,M, -9999.9,M, -9999.9,M, -9999.9,M, -9999.9,M, -9999.9,M, -9999.9,M, -9999.9,M, -9999.9,M, -9999.9,M, -9999.9,M, -9999.9,M, -9999.9,M, -9999.9,M, -9999.9,M, -9999.9,M, -9999.9,M,
2009, -9999.9,M, -9999.9,M, -9999.9,M, -9999.9,M, -9999.9,M, -9999.9,M, -9999.9,M, -9999.9,M, -9999.9,M, -9999.9,M, -9999.9,M, -9999.9,M, -9999.9,M, -9999.9,M, -9999.9,M, -9999.9,M, -9999.9,M,
2010, -9999.9,M, -9999.9,M, -9999.9,M, -9999.9,M, -9999.9,M, -9999.9,M, -9999.9,M, -9999.9,M, -9999.9,M, -9999.9,M, -9999.9,M, -9999.9,M, -9999.9,M, -9999.9,M, -9999.9,M, -9999.9,M, -9999.9,M,
2011, -9999.9,M, -9999.9,M, -9999.9,M, -9999.9,M, -9999.9,M, -9999.9,M, -9999.9,M, -9999.9,M, -9999.9,M, -9999.9,M, -9999.9,M, -9999.9,M, -9999.9,M, -9999.9,M, -9999.9,M, -9999.9,M, -9999.9,M,
