3065999,SLAVE LAKE               ,AB  ,station joined    , Monthly total of daily adjusted precipitation, mm, Updated to December 2011
3065999,SLAVE LAKE               ,AB  ,station jointe    , Total mensuel des chutes de précipitations quotidiennes ajustées, mm, Mise à jour jusqu à décembre 2011
Year,     Jan, ,     Feb, ,     Mar, ,     Apr, ,     May, ,     Jun, ,     Jul, ,     Aug, ,     Sep, ,     Oct, ,     Nov, ,     Dec, ,  Annual, ,  Winter, ,  Spring, ,  Summer, ,  Autumn
An  ,    Janv, ,     Fév, ,    Mars, ,     Avr, ,     Mai, ,    Juin, ,    Juil, ,    Août, ,    Sept, ,     Oct, ,     Nov, ,     Déc, ,  Annuel, ,   Hiver, ,Printemp, ,     Eté, , Automne
1925,    60.3, ,    48.7, ,    40.0, ,    57.2, ,    46.2, ,    62.6, ,    44.8, ,    65.2, ,    50.1, ,    37.7, ,    20.9, ,    43.4, ,   577.2, , -9999.9,M,   143.5, ,   172.7, ,   108.7, ,
1926,    31.1, ,    16.9, ,    14.0, ,    15.7, ,    82.9, ,    61.6, , -9999.9,M, -9999.9,M, -9999.9,M, -9999.9,M, -9999.9,M, -9999.9,M, -9999.9,M,    91.4, ,   112.5, , -9999.9,M, -9999.9,M,
1927,    30.2, ,    36.9, ,     0.2, ,    23.2, ,    48.8, ,    42.4, , -9999.9,M, -9999.9,M,    65.3, ,     5.7, ,     9.7, ,    27.8, , -9999.9,M, -9999.9,M,    72.1, , -9999.9,M,    80.6, ,
1928,    11.6, , -9999.9,M,    13.0, ,    13.8, ,    55.0, ,    61.6, ,    45.5, ,    34.5, ,    18.6, ,    15.4, ,     0.0, ,    20.1, , -9999.9,M, -9999.9,M,    81.9, ,   141.6, ,    34.0, ,
1929,     6.8, ,     7.0, ,    18.0, ,    10.2, ,    57.2, ,    38.4, ,   101.3, ,    28.4, ,    37.5, , -9999.9,M,    11.0, ,     9.8, , -9999.9,M,    33.9, ,    85.4, ,   168.0, , -9999.9,M,
1930,     4.9, ,    16.9, ,     4.7, ,     9.6, ,    63.5, ,    67.6, ,    25.2, ,    38.7, ,    32.8, ,    13.6, ,    11.6, , -9999.9,M, -9999.9,M,    31.6, ,    77.7, ,   131.5, ,    58.0, ,
1931,     9.3, , -9999.9,M,    16.1, ,     6.8, ,    47.7, ,    84.0, ,    65.8, ,    56.7, ,    74.9, ,    18.6, ,    13.9, ,    11.6, , -9999.9,M, -9999.9,M,    70.6, ,   206.6, ,   107.3, ,
1932, -9999.9,M,    34.7, ,    25.3, ,    11.1, ,    38.5, ,    50.2, ,   110.5, ,    32.1, ,    50.3, ,    52.6, ,    20.2, ,    23.1, , -9999.9,M, -9999.9,M,    74.9, ,   192.8, ,   123.1, ,
1933,    11.6, ,    37.0, ,    32.4, ,    14.2, ,    18.9, ,    78.9, ,    93.6, ,    30.6, ,    65.6, ,    74.3, ,    57.6, ,    48.8, ,   563.4, ,    71.7, ,    65.5, ,   203.1, ,   197.4, ,
1934,    37.0, ,     0.0, , -9999.9,M,    29.8, ,    26.3, ,    41.6, ,   150.1, ,    42.5, ,    62.1, ,    13.6, ,    23.2, ,    27.7, , -9999.9,M,    85.8, , -9999.9,M,   234.2, ,    99.0, ,
1935,   125.0, , -9999.9,M,    94.8, ,    37.8, ,    80.5, ,   168.1, ,   145.3, ,   110.8, ,    37.8, ,    29.1, ,    59.7, ,    20.9, , -9999.9,M, -9999.9,M,   213.0, ,   424.2, ,   126.6, ,
1936,    53.4, ,    25.5, ,    13.9, ,    39.4, ,    45.6, ,    80.8, ,    84.2, ,    75.3, ,    87.1, ,    31.4, ,     5.8, ,    14.0, ,   556.3, ,    99.8, ,    98.9, ,   240.2, ,   124.3, ,
1937,    27.8, ,    16.2, , -9999.9,M,    20.2, ,    47.9, ,    19.0, ,    61.2, ,   143.0, ,    12.1, ,    22.2, ,    60.4, ,    30.2, , -9999.9,M,    58.0, , -9999.9,M,   223.2, ,    94.6, ,
1938,    18.5, ,    25.5, ,    23.2, ,    16.7, ,    10.8, ,    93.6, ,    32.4, ,    35.4, ,     9.3, ,     7.7, ,    32.5, ,    20.8, ,   326.3, ,    74.2, ,    50.6, ,   161.5, ,    49.4, ,
1939,    41.7, ,    48.5, ,    90.0, ,    23.4, ,    42.6, ,    15.1, ,    33.2, ,    67.5, ,    55.3, ,    57.7, ,    13.9, ,     4.7, ,   493.4, ,   111.0, ,   155.9, ,   115.8, ,   126.8, ,
1940,     5.8, ,     9.1, ,    47.3, ,    30.6, ,    59.2, ,    22.9, ,    47.3, ,     4.6, ,     0.0, ,    36.8, ,    25.5, ,    18.5, ,   307.6, ,    19.5, ,   137.1, ,    74.7, ,    62.4, ,
1941,    30.0, ,    23.1, ,     6.9, ,     8.5, ,    49.1, ,   120.5, ,    56.5, ,    62.6, ,   106.9, ,    26.2, ,    30.2, ,    18.5, ,   538.8, ,    71.6, ,    64.5, ,   239.5, ,   163.3, ,
1942,    11.6, ,    18.4, ,     2.3, ,    12.6, ,    30.0, ,    94.9, ,    73.9, ,    85.4, ,    21.0, ,     6.3, ,    51.2, ,    48.6, ,   456.2, ,    48.5, ,    44.8, ,   254.2, ,    78.6, ,
1943,    27.4, ,    23.2, ,    39.3, ,    10.3, ,    44.4, ,    78.4, ,    84.8, ,   142.6, ,    24.7, ,    39.9, ,     0.1, ,    13.4, ,   528.4, ,    99.1, ,    94.0, ,   305.7, ,    64.7, ,
1944,     5.8, ,    37.2, ,    20.8, ,     9.2, ,    52.0, ,   109.5, ,    22.2, ,    44.2, ,    41.8, ,    25.7, ,    46.4, ,    24.3, ,   439.1, ,    56.3, ,    81.9, ,   175.9, ,   113.9, ,
1945,    29.9, ,    16.2, ,    10.0, ,    49.4, ,    37.8, ,    22.2, ,    86.1, ,    47.5, ,    28.5, , -9999.9,M, -9999.9,M,    15.2, , -9999.9,M,    70.5, ,    97.2, ,   155.8, , -9999.9,M,
1946,    36.0, ,    20.9, ,    14.5, ,     9.6, ,    56.2, ,    34.2, ,   118.6, ,    62.4, ,    35.3, ,    22.2, ,    11.5, ,    60.8, ,   482.0, ,    72.1, ,    80.2, ,   215.2, ,    69.0, ,
1947,    22.9, ,    38.3, ,     3.6, ,    41.7, ,     6.9, ,   110.6, ,    82.4, ,    64.5, ,    69.3, ,    19.7, ,    27.7, ,    31.2, ,   518.7, ,   122.0, ,    52.1, ,   257.5, ,   116.7, ,
1948,    21.3, ,    31.3, ,    13.8, ,    48.6, ,    29.6, ,     5.0, ,    86.6, ,    63.3, ,    51.0, ,     8.3, ,    15.5, ,    26.5, ,   400.8, ,    83.8, ,    92.0, ,   154.9, ,    74.8, ,
1949,    30.2, ,    29.0, ,    14.4, ,    31.9, ,    67.0, ,    47.2, ,    78.3, ,   126.1, ,    54.6, ,    63.6, ,    32.5, ,    33.6, ,   608.4, ,    85.8, ,   113.3, ,   251.7, ,   150.7, ,
1950,    11.6, ,    22.0, ,     2.3, ,    30.0, ,    60.7, ,    33.8, ,   109.3, ,    62.9, ,    25.2, ,    27.1, ,    48.5, ,    14.0, ,   447.3, ,    67.1, ,    93.0, ,   205.9, ,   100.8, ,
1951,    11.6, ,    16.2, ,    23.2, ,    28.4, , -9999.9,M,    45.8, ,    66.2, ,   115.0, ,    32.1, ,    46.1, ,    42.1, ,    17.1, , -9999.9,M,    41.8, , -9999.9,M,   227.0, ,   120.3, ,
1952,    17.3, ,     6.9, ,    13.9, ,     1.3, ,    20.0, ,    97.1, ,    70.1, ,    43.2, ,    20.7, ,    16.7, ,     3.3, ,     5.4, ,   316.0, ,    41.4, ,    35.3, ,   210.4, ,    40.8, ,
1953,    76.0, ,     8.1, ,    13.4, ,    17.5, ,    38.6, ,    55.7, ,   114.3, ,    95.4, ,    37.9, ,    11.0, ,     1.1, ,    64.4, ,   533.3, ,    89.5, ,    69.4, ,   265.4, ,    49.9, ,
1954,     8.9, ,    17.3, ,    15.5, ,    16.9, ,    92.0, ,    63.9, ,   122.6, ,    90.8, ,    48.6, ,    23.8, ,     8.3, ,    10.4, ,   518.9, ,    90.7, ,   124.4, ,   277.3, ,    80.6, ,
1955,     7.4, ,    22.8, ,    24.4, ,    31.4, ,    70.6, ,    90.8, ,    96.7, ,    20.1, ,    50.7, ,    25.8, ,    13.3, ,    31.2, ,   485.2, ,    40.6, ,   126.4, ,   207.6, ,    89.8, ,
1956,    19.5, ,    23.8, ,    16.2, ,    11.4, ,     8.8, ,   122.2, ,    73.5, ,    55.5, ,    39.7, ,    18.5, ,    12.3, ,    16.8, ,   417.9, ,    74.4, ,    36.3, ,   251.1, ,    70.4, ,
1957,    14.0, ,    16.3, ,     7.7, ,    16.8, ,    16.2, ,    97.2, ,   107.1, ,   103.1, ,    29.6, ,    52.0, ,    29.7, ,    31.3, ,   521.2, ,    47.1, ,    40.7, ,   307.5, ,   111.3, ,
1958,    13.9, ,    16.5, ,     9.1, , -9999.9,M,    22.8, ,    37.9, ,    22.4, ,    48.8, ,    78.7, ,     4.7, ,    21.8, ,    25.6, , -9999.9,M,    61.7, , -9999.9,M,   109.1, ,   105.1, ,
1959,    18.2, ,    11.0, ,     5.3, ,    11.4, ,    49.0, ,    52.7, ,    38.6, ,    63.5, ,    35.2, ,    35.6, ,    17.6, ,     2.6, ,   340.7, ,    54.8, ,    65.6, ,   154.8, ,    88.4, ,
1960,    17.8, ,    28.3, ,    23.5, ,     2.5, ,    94.0, ,   107.4, , -9999.9,M,    46.3, ,    74.1, ,    26.3, ,    16.3, ,    12.8, , -9999.9,M,    48.7, ,   120.0, , -9999.9,M,   116.7, ,
1961, -9999.9,M, -9999.9,M,    11.8, ,    23.8, ,    23.5, ,   159.9, ,    73.4, ,    13.3, ,    37.3, ,    46.0, ,    16.5, ,    24.6, , -9999.9,M, -9999.9,M,    59.1, ,   246.6, ,    99.8, ,
1962,    57.1, ,    24.6, ,    19.3, ,    57.2, ,    50.0, ,    95.9, ,    80.5, ,    58.9, , -9999.9,M, -9999.9,M, -9999.9,M, -9999.9,M, -9999.9,M,   106.4, ,   126.5, ,   235.3, , -9999.9,M,
1963, -9999.9,M, -9999.9,M, -9999.9,M, -9999.9,M, -9999.9,M, -9999.9,M, -9999.9,M, -9999.9,M, -9999.9,M, -9999.9,M, -9999.9,M, -9999.9,M, -9999.9,M, -9999.9,M, -9999.9,M, -9999.9,M, -9999.9,M,
1964, -9999.9,M, -9999.9,M, -9999.9,M, -9999.9,M, -9999.9,M, -9999.9,M, -9999.9,M, -9999.9,M, -9999.9,M, -9999.9,M, -9999.9,M, -9999.9,M, -9999.9,M, -9999.9,M, -9999.9,M, -9999.9,M, -9999.9,M,
1965, -9999.9,M, -9999.9,M, -9999.9,M, -9999.9,M, -9999.9,M, -9999.9,M, -9999.9,M, -9999.9,M, -9999.9,M, -9999.9,M, -9999.9,M, -9999.9,M, -9999.9,M, -9999.9,M, -9999.9,M, -9999.9,M, -9999.9,M,
1966, -9999.9,M, -9999.9,M, -9999.9,M, -9999.9,M, -9999.9,M, -9999.9,M, -9999.9,M, -9999.9,M, -9999.9,M, -9999.9,M, -9999.9,M, -9999.9,M, -9999.9,M, -9999.9,M, -9999.9,M, -9999.9,M, -9999.9,M,
1967, -9999.9,M, -9999.9,M, -9999.9,M, -9999.9,M, -9999.9,M, -9999.9,M, -9999.9,M, -9999.9,M, -9999.9,M, -9999.9,M, -9999.9,M, -9999.9,M, -9999.9,M, -9999.9,M, -9999.9,M, -9999.9,M, -9999.9,M,
1968, -9999.9,M, -9999.9,M, -9999.9,M, -9999.9,M, -9999.9,M, -9999.9,M, -9999.9,M, -9999.9,M, -9999.9,M, -9999.9,M, -9999.9,M, -9999.9,M, -9999.9,M, -9999.9,M, -9999.9,M, -9999.9,M, -9999.9,M,
1969, -9999.9,M, -9999.9,M, -9999.9,M, -9999.9,M, -9999.9,M, -9999.9,M, -9999.9,M, -9999.9,M, -9999.9,M, -9999.9,M, -9999.9,M, -9999.9,M, -9999.9,M, -9999.9,M, -9999.9,M, -9999.9,M, -9999.9,M,
1970, -9999.9,M, -9999.9,M, -9999.9,M,     0.4, ,    20.7, ,   132.6, ,    70.5, ,    33.8, ,    55.0, ,    26.5, ,    14.2, ,    28.5, , -9999.9,M, -9999.9,M, -9999.9,M,   236.9, ,    95.7, ,
1971,    34.7, ,     7.5, ,     8.3, ,    15.8, ,    14.6, ,   136.1, ,   114.0, ,    80.9, ,    25.2, ,    11.6, ,    25.2, ,    35.4, ,   509.3, ,    70.7, ,    38.8, ,   331.0, ,    61.9, ,
1972,    21.9, ,    35.5, ,    25.2, ,     7.2, ,    50.8, ,    95.4, ,    78.2, ,    50.6, ,    37.5, ,    25.1, ,    22.3, ,    27.4, ,   477.2, ,    92.9, ,    83.2, ,   224.3, ,    84.9, ,
1973,    17.7, ,    17.0, ,     2.7, ,    21.3, ,   108.0, ,   150.6, ,    40.3, ,    84.4, ,    61.0, ,    47.5, ,    38.1, ,    35.3, ,   624.0, ,    62.1, ,   132.0, ,   275.3, ,   146.7, ,
1974,    53.5, ,    26.8, ,    49.6, ,    32.2, ,    27.7, ,    46.8, ,   156.5, ,    51.4, ,    71.9, ,    13.3, ,    19.7, ,    20.7, ,   570.2, ,   115.6, ,   109.6, ,   254.7, ,   104.9, ,
1975,    32.3, ,    11.7, ,    16.3, ,    34.0, ,    40.8, ,   116.3, ,    92.0, ,   116.0, ,    27.7, ,    45.7, ,    16.9, ,    32.6, ,   582.2, ,    64.7, ,    91.1, ,   324.2, ,    90.3, ,
1976,    20.1, ,    20.7, ,    24.7, ,    16.8, ,    33.9, ,   110.4, ,   129.8, ,   100.8, ,    38.6, ,    31.3, ,     8.2, ,    50.5, ,   585.9, ,    73.4, ,    75.4, ,   341.0, ,    78.1, ,
1977,    35.2, ,    10.7, ,    20.1, ,     9.6, ,    89.8, ,   103.9, ,   127.3, ,    74.9, ,    61.0, ,    20.3, ,    10.6, ,    15.9, ,   579.1, ,    96.3, ,   119.4, ,   306.1, ,    91.8, ,
1978,    15.2, ,     6.5, ,    19.2, ,    28.3, ,    43.5, ,    61.9, ,    77.3, ,    83.5, ,   136.4, ,    14.7, ,    40.1, ,    10.2, ,   536.9, ,    37.6, ,    91.1, ,   222.7, ,   191.2, ,
1979,     7.9, ,    35.2, ,    18.7, ,    19.6, ,    35.7, ,   143.4, ,   153.4, ,    35.0, ,    34.0, ,    25.3, ,     5.0, ,    26.6, ,   539.8, ,    53.3, ,    74.0, ,   331.7, ,    64.3, ,
1980,     9.2, ,     8.8, ,    25.8, ,     3.5, ,    50.2, ,    43.5, ,    76.6, ,   140.0, ,    75.2, ,    19.9, ,    13.2, ,    48.4, ,   514.4, ,    44.7, ,    79.5, ,   260.2, ,   108.3, ,
1981,    17.6, ,    10.6, ,    19.4, ,    38.7, ,    16.9, ,    69.5, ,    86.8, ,     7.8, ,    49.8, ,    43.4, ,     8.9, ,    24.0, ,   393.2, ,    76.6, ,    74.9, ,   164.0, ,   102.1, ,
1982,    33.1, ,    14.1, ,    28.6, ,     8.4, ,    24.9, ,    13.2, ,   136.2, ,   124.0, ,    19.7, ,    16.2, ,    13.2, ,    15.7, ,   447.1, ,    71.3, ,    61.9, ,   273.4, ,    49.0, ,
1983,     8.8, ,    10.7, ,    16.8, ,    21.6, ,    42.0, ,   189.5, ,   202.0, ,    52.8, ,    44.8, ,    50.4, ,    15.2, ,    18.9, ,   673.3, ,    35.2, ,    80.4, ,   444.2, ,   110.3, ,
1984,    21.2, ,     9.9, ,     8.8, ,    11.3, ,    72.5, ,    64.8, ,    54.5, ,    59.1, ,    84.8, ,    49.5, ,    23.4, ,    15.1, ,   474.9, ,    50.0, ,    92.7, ,   178.4, ,   157.6, ,
1985,    26.2, ,    29.2, ,     9.0, ,    20.4, ,    25.9, ,    48.5, ,    46.6, ,    71.9, ,    79.9, ,    35.7, ,    19.2, ,    33.1, ,   445.6, ,    70.5, ,    55.3, ,   167.0, ,   134.8, ,
1986,    19.7, ,    12.9, ,    23.9, ,    35.5, ,    28.7, ,    78.1, ,   105.5, ,    30.8, ,    60.4, ,    30.3, ,    27.7, ,     5.7, ,   459.3, ,    65.7, ,    88.1, ,   214.4, ,   118.4, ,
1987,    12.5, ,    14.3, ,    25.3, ,    23.8, ,    41.6, ,    37.7, ,    75.0, ,    74.3, ,    46.5, ,     7.8, ,     2.7, ,     8.6, ,   370.0, ,    32.5, ,    90.7, ,   187.0, ,    56.9, ,
1988,    24.4, ,    23.1, ,    18.8, ,    25.7, ,    58.1, ,   183.3, ,   127.2, ,    33.1, ,    20.6, ,    20.4, ,    21.1, ,    20.7, ,   576.6, ,    56.1, ,   102.7, ,   343.6, ,    62.1, ,
1989,    24.0, ,    13.0, ,    17.5, ,     5.5, ,    59.8, ,    80.6, ,   107.4, ,   134.5, ,    28.8, ,     6.2, ,    35.1, ,    32.7, ,   545.0, ,    57.7, ,    82.8, ,   322.5, ,    70.1, ,
1990,    18.4, ,    24.4, ,     8.0, ,    36.5, ,    23.0, ,    93.7, ,    87.7, ,   108.7, ,    17.8, ,    41.6, ,    24.3, ,    16.4, ,   500.4, ,    75.4, ,    67.5, ,   290.1, ,    83.6, ,
1991,     9.5, ,    13.6, ,     7.5, ,     2.4, ,    63.9, ,    73.0, ,    83.6, ,    63.9, ,    68.2, ,    43.9, ,    17.6, ,    32.5, ,   479.4, ,    39.5, ,    73.7, ,   220.5, ,   129.7, ,
1992,    24.0, ,    15.5, ,     7.4, ,    34.4, ,    31.8, ,    58.7, ,    64.3, ,    60.5, ,    84.8, ,    18.0, ,    14.3, ,    23.7, ,   437.4, ,    72.0, ,    73.6, ,   183.6, ,   117.0, ,
1993,    16.0, ,     6.1, ,     3.2, ,    42.0, ,    61.0, ,    99.3, ,    88.0, ,    76.5, ,    57.2, ,    24.3, ,    25.3, ,    16.6, ,   515.5, ,    45.8, ,   106.1, ,   263.9, ,   106.9, ,
1994,    50.8, ,    21.4, ,     6.5, ,     1.7, ,    68.0, ,   105.2, ,    97.1, ,    44.3, ,    64.0, ,    17.0, ,     5.6, ,     8.5, ,   490.1, ,    88.8, ,    76.1, ,   246.7, ,    86.7, ,
1995,     8.9, ,    12.7, ,     5.7, ,    30.9, ,    22.3, ,    93.6, ,    12.4, ,    88.6, ,     2.9, ,    63.1, ,    47.1, ,    13.8, ,   401.9, ,    30.1, ,    58.9, ,   194.5, ,   113.1, ,
1996,    12.8, ,    19.3, ,     6.3, ,    29.4, ,    62.1, ,   133.3, ,   129.7, ,   135.9, ,    61.1, ,    22.2, ,    37.4, ,    24.0, ,   673.4, ,    45.9, ,    97.8, ,   398.8, ,   120.7, ,
1997,    15.4, ,    17.6, ,    32.4, ,    27.1, ,    41.5, ,   110.6, ,    82.9, ,    44.6, ,    65.1, ,    60.8, ,     9.5, ,    13.6, ,   521.2, ,    56.9, ,   101.0, ,   238.2, ,   135.5, ,
1998,    10.7, ,     6.9, ,     9.9, ,    11.3, ,    21.5, ,    93.3, ,    44.5, ,     9.6, ,    18.1, ,    20.6, ,     6.9, ,    13.8, ,   267.0, ,    31.2, ,    42.7, ,   147.3, ,    45.6, ,
1999,    25.6, ,    10.1, , -9999.9,M,    21.1, ,    35.1, ,    59.5, ,    46.8, ,    30.8, ,    33.5, ,    18.1, ,     9.5, ,    22.5, , -9999.9,M,    49.4, , -9999.9,M,   137.1, ,    61.2, ,
2000,    11.6, ,     9.4, ,     9.0, ,    38.2, ,    64.4, ,    83.5, ,   106.5, ,    34.3, ,    35.0, ,     4.3, ,     8.3, ,    17.0, ,   421.5, ,    43.5, ,   111.6, ,   224.3, ,    47.6, ,
2001,     4.9, , -9999.9,M,    13.6, , -9999.9,M,    27.8, ,    82.1, ,    85.3, ,    21.6, ,    15.4, ,    25.1, ,    20.7, ,     8.4, , -9999.9,M, -9999.9,M, -9999.9,M,   188.9, ,    61.2, ,
2002,    34.2, ,     8.5, ,    35.7, ,    31.1, ,     8.5, ,    43.2, ,    63.0, ,    89.3, ,    52.8, ,    24.6, ,    17.3, ,     4.1, ,   412.2, ,    51.1, ,    75.3, ,   195.4, ,    94.7, ,
2003,    46.3, ,    35.6, ,    24.6, ,    17.7, ,    27.0, ,   142.8, ,    65.2, ,    84.3, ,    21.0, ,    24.3, ,    27.0, ,     4.8, ,   520.5, ,    86.1, ,    69.3, ,   292.3, ,    72.3, ,
2004,    25.4, ,     5.3, ,    37.1, ,    19.8, ,    44.2, ,    18.4, ,   112.6, ,   107.5, ,   142.6, ,    37.9, ,    11.7, ,    18.6, ,   581.1, ,    35.5, ,   101.1, ,   238.6, ,   192.2, ,
2005,    20.3, ,     5.8, ,    21.4, ,     8.6, ,    65.8, ,    94.4, ,    85.8, ,    34.0, ,    56.8, ,     7.2, ,     4.2, , -9999.9,M, -9999.9,M,    44.7, ,    95.7, ,   214.2, ,    68.3, ,
2006,    10.1, ,     5.3, ,    10.4, ,    29.2, ,   120.3, ,    43.4, ,    79.4, ,    35.7, ,    24.6, ,    41.4, ,    23.3, ,     9.1, ,   432.2, , -9999.9,M,   159.9, ,   158.5, ,    89.3, ,
2007,     9.9, ,     8.5, ,    12.2, ,    34.3, ,    74.6, ,    89.5, ,    62.0, ,   150.7, , -9999.9,M, -9999.9,M, -9999.9,M, -9999.9,M, -9999.9,M,    27.5, ,   121.0, ,   302.2, , -9999.9,M,
2008, -9999.9,M, -9999.9,M, -9999.9,M, -9999.9,M, -9999.9,M, -9999.9,M, -9999.9,M, -9999.9,M, -9999.9,M, -9999.9,M, -9999.9,M, -9999.9,M, -9999.9,M, -9999.9,M, -9999.9,M, -9999.9,M, -9999.9,M,
2009, -9999.9,M, -9999.9,M, -9999.9,M, -9999.9,M, -9999.9,M, -9999.9,M, -9999.9,M, -9999.9,M, -9999.9,M, -9999.9,M, -9999.9,M, -9999.9,M, -9999.9,M, -9999.9,M, -9999.9,M, -9999.9,M, -9999.9,M,
2010, -9999.9,M, -9999.9,M, -9999.9,M, -9999.9,M, -9999.9,M, -9999.9,M, -9999.9,M, -9999.9,M, -9999.9,M, -9999.9,M, -9999.9,M, -9999.9,M, -9999.9,M, -9999.9,M, -9999.9,M, -9999.9,M, -9999.9,M,
2011, -9999.9,M, -9999.9,M, -9999.9,M, -9999.9,M, -9999.9,M, -9999.9,M, -9999.9,M, -9999.9,M, -9999.9,M, -9999.9,M, -9999.9,M, -9999.9,M, -9999.9,M, -9999.9,M, -9999.9,M, -9999.9,M, -9999.9,M,
