3015523,ROCKY MTN HOUSE          ,AB  ,station joined    , Monthly total of daily adjusted precipitation, mm, Updated to December 2011
3015523,ROCKY MTN HOUSE          ,AB  ,station jointe    , Total mensuel des chutes de précipitations quotidiennes ajustées, mm, Mise à jour jusqu à décembre 2011
Year,     Jan, ,     Feb, ,     Mar, ,     Apr, ,     May, ,     Jun, ,     Jul, ,     Aug, ,     Sep, ,     Oct, ,     Nov, ,     Dec, ,  Annual, ,  Winter, ,  Spring, ,  Summer, ,  Autumn
An  ,    Janv, ,     Fév, ,    Mars, ,     Avr, ,     Mai, ,    Juin, ,    Juil, ,    Août, ,    Sept, ,     Oct, ,     Nov, ,     Déc, ,  Annuel, ,   Hiver, ,Printemp, ,     Eté, , Automne
1917,     0.0, ,     0.0, ,     0.0, ,    61.9, ,   320.4, ,   116.3, ,    17.6, ,    97.1, ,   111.6, ,    72.7, ,     0.0, ,     0.0, ,   797.5, , -9999.9,M,   382.3, ,   230.9, ,   184.3, ,
1918,     0.0, ,     0.0, ,     0.0, ,    42.9, ,    51.9, ,    98.1, ,   126.0, ,   219.1, ,   112.0, , -9999.9,M,     0.0, ,     0.0, , -9999.9,M,     0.0, ,    94.8, ,   443.2, , -9999.9,M,
1919,     0.0, , -9999.9,M,     0.0, ,    11.3, ,    57.3, ,    21.5, ,   115.7, ,   144.3, ,   133.2, ,    37.3, ,     0.0, , -9999.9,M, -9999.9,M, -9999.9,M,    68.6, ,   281.5, ,   170.5, ,
1920,     0.0, ,     0.0, ,     0.0, ,     0.3, ,    62.7, ,   116.0, ,   246.7, ,   228.2, ,    83.7, ,     9.2, ,     0.0, ,     0.0, ,   746.7, , -9999.9,M,    63.0, ,   590.8, ,    92.9, ,
1921, -9999.9,M,     0.0, ,     0.0, ,    18.4, ,    61.8, ,    76.5, ,   201.3, ,   104.7, ,    37.5, ,     0.0, ,     0.0, , -9999.9,M, -9999.9,M, -9999.9,M,    80.2, ,   382.6, ,    37.5, ,
1922,     0.0, ,     0.0, ,     0.0, ,     0.0, ,    57.3, ,    88.3, ,   160.7, ,   382.6, ,    76.8, ,    24.2, ,     0.0, ,     0.0, ,   790.0, , -9999.9,M,    57.3, ,   631.6, ,   101.1, ,
1923,     0.0, , -9999.9,M,     0.0, ,     9.0, ,    66.8, ,   327.2, ,   245.1, ,   115.8, ,    55.2, ,    16.2, ,     0.0, ,     0.0, , -9999.9,M, -9999.9,M,    75.7, ,   688.2, ,    71.4, ,
1924,     0.0, ,     0.0, ,     0.0, ,     0.0, ,    89.3, ,    55.1, ,   111.4, ,   134.1, ,    16.7, ,    62.9, ,     0.0, ,     0.0, ,   469.6, ,     0.0, ,    89.3, ,   300.6, ,    79.6, ,
1925,     0.0, ,     0.0, ,     0.0, ,    19.0, ,    23.4, ,   217.7, ,   130.5, ,   358.8, ,   201.2, ,    38.3, ,     0.0, ,     0.0, ,   988.9, ,     0.0, ,    42.4, ,   707.0, ,   239.5, ,
1926,     0.0, ,     0.0, ,     0.0, ,    10.0, ,    70.2, , -9999.9,M,   111.2, ,   285.2, ,   371.8, ,     0.3, ,     0.0, ,     0.0, , -9999.9,M,     0.0, ,    80.2, , -9999.9,M,   372.1, ,
1927,     0.0, ,     0.0, ,     0.0, ,     0.0, ,    60.2, ,   206.2, ,   219.7, ,   131.0, ,   155.6, ,    21.5, ,     0.0, ,     0.0, ,   794.1, ,     0.0, ,    60.2, ,   556.8, ,   177.0, ,
1928,     0.0, ,     0.0, ,     0.0, , -9999.9,M,    12.5, ,   338.0, ,    63.6, ,    90.7, ,     4.2, ,    36.1, ,     0.0, ,     0.0, , -9999.9,M,     0.0, , -9999.9,M,   492.3, ,    40.3, ,
1929,     0.0, ,     0.0, ,    13.1, , -9999.9,M,    61.0, ,    97.3, ,    56.5, ,    43.1, ,    52.3, ,    13.6, ,     5.6, ,     0.0, , -9999.9,M,     0.0, , -9999.9,M,   196.9, ,    71.5, ,
1930,     0.0, ,     2.1, ,     2.5, ,    62.6, ,   108.7, ,   136.8, , -9999.9,M,   214.4, ,    84.5, ,    21.9, ,     0.0, ,     0.0, , -9999.9,M,     2.1, ,   173.8, , -9999.9,M,   106.4, ,
1931,     0.0, ,     0.0, ,     0.0, ,     0.0, ,     0.0, ,   386.0, ,    73.5, ,   146.0, ,    52.8, ,    14.0, ,     1.5, ,     0.0, ,   673.7, ,     0.0, ,     0.0, ,   605.4, ,    68.3, ,
1932,     0.0, ,     0.0, ,     0.0, ,    48.2, ,   137.6, ,   266.6, ,   215.8, ,   187.9, ,   102.9, ,    19.8, ,     0.0, ,     0.0, ,   978.9, ,     0.0, ,   185.8, ,   670.4, ,   122.7, ,
1933,     0.0, ,     0.0, ,     0.0, ,     2.1, ,   238.2, ,   307.5, ,    51.6, ,   123.6, ,   102.5, ,     0.0, ,    10.3, ,     0.0, ,   835.7, ,     0.0, ,   240.3, ,   482.6, ,   112.7, ,
1934,     0.0, ,     0.0, ,     0.0, ,    18.2, ,    96.5, ,   103.0, ,    30.8, ,    52.4, ,   104.1, ,    14.6, , -9999.9,M,     0.0, , -9999.9,M,     0.0, ,   114.6, ,   186.2, , -9999.9,M,
1935,     0.0, ,     1.5, ,     5.6, ,    27.3, ,   105.0, ,   387.6, ,   186.2, ,    44.5, ,    92.3, ,    13.1, ,    48.1, ,     3.6, ,   914.8, ,     1.5, ,   137.9, ,   618.3, ,   153.5, ,
1936,     0.0, ,     0.0, ,     0.0, ,    16.2, ,    94.4, ,    73.9, ,   110.8, ,   159.1, ,    73.6, ,    44.4, ,     9.0, ,     0.0, ,   581.5, ,     3.6, ,   110.7, ,   343.9, ,   127.0, ,
1937,     0.0, ,     0.0, ,     0.0, ,    24.6, ,    54.0, ,   133.3, ,   195.1, ,   137.9, ,   252.5, ,     2.1, ,     0.0, ,     0.0, ,   799.6, ,     0.0, ,    78.6, ,   466.3, ,   254.6, ,
1938,     0.0, ,     0.0, ,     0.0, ,     4.0, ,    81.6, ,   146.2, ,   154.6, ,   282.4, ,    20.4, ,    41.3, ,     0.0, ,     2.1, ,   732.5, ,     0.0, ,    85.6, ,   583.1, ,    61.7, ,
1939,     0.0, ,     0.0, ,     2.1, ,    19.8, ,    70.8, ,   391.3, ,   103.8, ,    28.6, ,   140.0, ,    75.0, ,     1.5, ,     0.0, ,   832.9, ,     2.1, ,    92.8, ,   523.6, ,   216.5, ,
1940,     0.0, ,     0.0, ,     0.0, ,    70.9, ,    84.2, ,   115.4, ,   213.1, ,    48.6, ,   135.9, ,    36.3, ,     0.0, ,     0.0, ,   704.5, ,     0.0, ,   155.1, ,   377.1, ,   172.2, ,
1941,     0.0, ,     0.0, ,     0.0, ,     0.0, ,    46.3, ,   237.9, ,    81.6, ,   262.8, ,    81.8, ,    11.3, ,     0.0, ,     0.0, ,   721.7, ,     0.0, ,    46.3, ,   582.3, ,    93.1, ,
1942,     0.0, ,     0.0, ,     0.0, ,    24.6, ,   118.2, ,   222.6, ,   272.0, ,   141.3, ,   191.0, ,    51.9, ,     0.0, ,     0.0, ,  1021.5, ,     0.0, ,   142.8, ,   635.8, ,   242.9, ,
1943,     0.0, ,     0.0, ,     0.0, ,    33.1, ,   115.2, ,   282.8, ,   151.1, ,   245.7, ,    42.5, ,    21.7, ,     2.5, ,     0.0, ,   894.6, ,     0.0, ,   148.3, ,   679.5, ,    66.8, ,
1944,     0.0, ,     0.0, ,    17.9, ,    56.5, ,   220.8, ,   340.8, ,   334.1, ,   103.3, ,   113.6, ,     1.5, ,     0.0, ,     0.0, ,  1188.5, ,     0.0, ,   295.2, ,   778.2, ,   115.1, ,
1945,     0.0, ,     0.6, ,     0.6, ,    17.5, ,   101.5, ,   155.6, ,   296.4, ,   189.0, ,   157.3, ,    14.3, ,    18.3, ,     0.0, ,   951.1, ,     0.6, ,   119.5, ,   641.0, ,   189.9, ,
1946,     0.0, ,     0.0, ,     5.6, ,     6.8, ,   165.4, ,   366.6, ,   121.7, ,   157.2, ,   136.9, ,    40.1, ,     7.3, ,     4.6, ,  1012.2, ,     0.0, ,   177.9, ,   645.4, ,   184.3, ,
1947,     0.0, ,     0.0, ,    32.9, ,    46.7, ,   121.6, ,   230.9, ,    79.8, ,   193.2, ,   129.1, ,    72.7, ,    23.1, ,     0.0, ,   930.1, ,     4.6, ,   201.2, ,   503.9, ,   225.0, ,
1948,     1.1, ,     0.0, ,     0.0, ,    21.5, ,   215.5, ,    56.6, ,   292.6, ,   178.4, ,    92.8, ,     6.3, ,    17.3, ,     0.0, ,   882.1, ,     1.1, ,   237.0, ,   527.7, ,   116.4, ,
1949,     0.0, ,     0.0, ,     0.0, ,    26.3, ,    38.2, ,    76.0, ,   310.8, ,    47.4, ,    29.5, ,    22.6, ,    11.5, ,     0.0, ,   562.2, ,     0.0, ,    64.4, ,   434.2, ,    63.6, ,
1950,     0.0, ,     0.0, ,     0.6, ,     1.2, ,    24.2, ,   127.2, ,   148.4, ,   103.7, ,    15.2, ,    16.9, ,     2.1, ,     0.6, ,   440.1, ,     0.0, ,    26.0, ,   379.3, ,    34.2, ,
1951,     0.0, ,     0.0, ,     0.0, ,   115.8, ,   117.8, ,   142.0, ,   298.5, ,   242.1, ,    77.5, ,    29.2, ,     1.8, ,    27.5, ,  1052.1, ,     0.6, ,   233.6, ,   682.5, ,   108.5, ,
1952,     0.6, ,     0.0, ,     0.0, ,     1.8, ,   114.2, ,   355.6, ,   193.4, ,   150.8, ,    91.7, ,    39.9, ,     0.6, ,     0.0, ,   948.6, ,    28.1, ,   116.0, ,   699.8, ,   132.2, ,
1953,     0.0, ,    17.1, ,     0.0, ,    55.2, ,   154.4, ,   364.7, ,   293.9, ,   196.8, ,    56.9, ,     3.6, ,     0.0, ,     2.1, ,  1144.7, ,    17.1, ,   209.5, ,   855.4, ,    60.5, ,
1954,     0.0, ,     0.0, ,     0.0, ,     3.1, ,   210.8, ,   227.9, ,    97.8, ,   465.3, ,   188.0, ,     3.2, ,     9.1, ,     0.0, ,  1205.2, ,     2.1, ,   213.9, ,   791.0, ,   200.2, ,
1955,     1.5, ,     0.0, ,     2.7, ,     3.7, ,   131.1, ,    60.6, ,   120.7, ,    47.6, ,   141.0, ,     7.9, ,     0.0, ,     0.0, ,   516.8, ,     1.5, ,   137.6, ,   228.8, ,   148.9, ,
1956,     0.0, ,     0.0, ,     0.6, ,     9.0, ,    14.9, ,   329.4, ,   164.6, ,   137.7, ,   116.8, ,     2.7, ,     3.3, ,     0.0, ,   778.9, ,     0.0, ,    24.5, ,   631.6, ,   122.8, ,
1957,     0.0, ,     0.0, ,     0.0, ,     9.5, ,    41.8, ,   145.9, ,    99.7, ,   126.7, ,    82.5, ,     4.8, ,     2.7, ,     0.0, ,   513.7, ,     0.0, ,    51.4, ,   372.3, ,    90.0, ,
1958,     0.6, ,     0.6, ,     0.6, ,    15.6, ,    54.7, ,   182.5, ,   150.4, ,    56.7, ,   137.9, ,     3.0, ,     1.2, ,     1.7, ,   605.3, ,     1.2, ,    70.9, ,   389.5, ,   142.1, ,
1959,     0.0, ,     0.6, ,     2.7, ,     4.7, ,    39.6, ,   288.3, ,   177.7, ,   110.0, ,    74.9, ,    34.5, ,     1.2, ,     0.0, ,   734.1, ,     2.3, ,    46.9, ,   576.0, ,   110.6, ,
1960,     0.0, ,     0.0, ,     5.4, ,     4.8, ,   166.6, ,   149.2, ,    87.6, ,   213.4, ,    51.2, ,    22.1, ,     0.0, ,     9.4, ,   709.7, ,     0.0, ,   176.8, ,   450.2, ,    73.3, ,
1961,     0.0, ,     0.6, ,    12.8, ,     3.9, ,   144.3, ,    52.6, ,   262.7, ,    83.0, ,    75.6, ,    14.8, ,     0.0, ,     1.2, ,   651.5, ,    10.0, ,   161.0, ,   398.3, ,    90.4, ,
1962,     2.4, ,     1.2, ,     1.8, ,    28.5, ,   118.4, ,   146.5, ,   183.1, ,   244.8, ,    78.7, ,    46.7, ,     7.2, ,     4.7, ,   863.9, ,     4.8, ,   148.6, ,   574.4, ,   132.6, ,
1963,     2.1, ,     7.4, ,     0.6, ,    45.1, ,    46.7, ,   225.1, ,   295.9, ,   101.6, ,    86.4, ,    10.2, ,     1.8, ,     1.8, ,   824.7, ,    14.2, ,    92.4, ,   622.6, ,    98.3, ,
1964,     0.0, ,     0.0, ,     0.0, ,     9.0, ,   221.7, ,   191.7, ,   119.7, ,   124.4, ,   195.3, ,    11.8, ,     2.4, ,     0.6, ,   876.6, ,     1.8, ,   230.7, ,   435.8, ,   209.6, ,
1965,     6.2, ,     0.6, ,     1.8, ,    20.1, ,   177.9, ,   369.1, ,   244.0, ,   268.7, ,   165.2, ,    15.1, ,     0.6, ,     0.0, ,  1269.3, ,     7.4, ,   199.9, ,   881.8, ,   180.8, ,
1966,     0.0, ,     0.0, ,     1.0, ,     7.1, ,    86.9, ,   136.2, ,   269.1, ,   302.7, ,    63.1, ,    44.1, ,     2.2, ,     0.6, ,   912.9, ,     0.0, ,    95.0, ,   707.9, ,   109.4, ,
1967,     0.0, ,     0.0, ,     0.0, ,     1.8, ,    86.2, ,   162.8, ,   146.5, ,    40.4, ,    13.6, ,    21.7, ,    19.9, ,     0.0, ,   492.8, ,     0.6, ,    88.0, ,   349.7, ,    55.1, ,
1968,     3.7, ,     0.6, ,     0.0, ,     2.2, ,    46.5, ,   267.0, ,   369.0, ,   122.3, ,   116.1, ,    35.6, ,     4.3, ,     0.0, ,   967.3, ,     4.3, ,    48.7, ,   758.4, ,   156.0, ,
1969,     0.6, ,     0.0, ,     1.8, ,    30.0, ,    75.3, ,   252.8, ,   290.4, ,   107.1, ,   154.2, ,    58.7, ,    12.8, ,     0.0, ,   983.7, ,     0.6, ,   107.1, ,   650.3, ,   225.7, ,
1970,     0.0, ,     0.6, ,     8.3, ,     4.2, ,    70.3, ,   373.5, ,   249.0, ,    48.0, ,    46.7, ,    41.5, ,     1.2, ,     0.0, ,   843.2, ,     0.6, ,    82.8, ,   670.5, ,    89.3, ,
1971,    53.2, ,     1.2, ,     0.0, ,     6.1, ,    77.9, ,   272.8, ,   298.7, ,    18.0, ,    85.5, ,    10.9, ,     7.8, ,     0.0, ,   832.2, ,    54.4, ,    84.0, ,   589.5, ,   104.3, ,
1972,     0.0, ,     0.0, ,     5.0, ,     2.1, ,    49.3, ,   526.5, ,   152.2, ,    87.1, ,   117.3, ,    26.7, ,     3.7, ,     0.6, ,   970.4, ,     0.0, ,    56.4, ,   765.8, ,   147.7, ,
1973,     0.0, ,     1.8, ,     0.6, ,    33.9, ,    51.1, ,   143.9, ,   104.6, ,   252.5, ,    42.5, ,    15.1, ,     1.2, ,     0.6, ,   647.8, ,     2.4, ,    85.7, ,   501.0, ,    58.7, ,
1974,     0.0, ,     0.0, ,     1.2, ,    33.2, ,   144.9, ,   159.3, ,   202.3, ,   204.3, ,   110.0, ,    28.2, ,     1.2, ,     0.0, ,   884.5, ,     0.6, ,   179.2, ,   565.9, ,   139.4, ,
1975,     0.0, ,     0.0, ,     1.2, ,     8.7, ,   127.9, ,   174.6, ,   120.7, ,   143.8, ,    45.7, ,    10.4, ,     5.1, ,     1.5, ,   639.6, ,     0.0, ,   137.8, ,   439.1, ,    61.3, ,
1976,     1.2, ,     1.5, ,     0.0, ,    11.6, ,   182.8, ,   249.0, ,   154.2, ,   373.6, ,    82.9, ,    22.2, ,     3.3, ,     1.2, ,  1083.5, ,     4.2, ,   194.4, ,   776.8, ,   108.4, ,
1977,     2.5, ,     0.6, ,     0.0, ,    12.0, ,   347.0, ,   108.7, ,   279.8, ,   232.3, ,   135.3, ,     7.9, ,     0.6, ,     1.2, ,  1127.9, ,     4.3, ,   359.0, ,   620.9, ,   143.8, ,
1978,     3.9, ,     1.8, ,     2.8, ,    66.7, ,   157.1, ,   118.2, ,   187.8, ,   190.1, ,   166.3, ,    57.3, ,    10.8, ,     0.0, ,   962.7, ,     6.9, ,   226.5, ,   496.1, ,   234.4, ,
1979,     0.0, ,     0.0, ,     4.9, ,     4.0, ,    46.4, ,   103.2, ,    80.8, ,    78.8, ,    51.4, ,    59.1, ,     0.0, ,     3.6, ,   432.2, ,     0.0, ,    55.3, ,   262.8, ,   110.6, ,
1980,     2.1, ,     0.0, ,     0.0, ,    16.7, ,   214.3, ,   258.5, ,   205.6, ,   187.8, ,   128.6, ,    32.4, ,     4.2, ,     3.0, ,  1053.2, ,     5.7, ,   231.0, ,   651.9, ,   165.2, ,
1981,     1.8, ,     1.2, ,     3.9, ,    10.9, ,   148.7, ,   118.4, ,   408.5, ,    45.2, ,   101.1, ,    34.3, ,     4.4, ,     1.8, ,   880.1, ,     6.0, ,   163.5, ,   572.0, ,   139.8, ,
1982,     0.0, ,     1.3, ,     0.0, ,     1.2, ,    82.3, ,   162.6, ,   394.0, ,   141.9, ,   125.2, ,    36.0, ,     0.0, ,     0.6, ,   945.1, ,     3.1, ,    83.5, ,   698.5, ,   161.2, ,
1983,     0.0, ,     4.8, ,     7.7, ,    69.9, ,    53.9, ,   194.1, ,   254.7, ,    18.6, ,   120.9, ,    26.2, ,     2.6, ,     0.0, ,   753.4, ,     5.4, ,   131.4, ,   467.5, ,   149.7, ,
1984,     2.9, ,     0.0, ,     7.0, ,    11.2, ,   134.8, ,   145.3, ,    82.4, ,    71.0, ,   307.9, ,     9.4, ,     0.0, ,     0.0, ,   771.8, ,     2.9, ,   152.9, ,   298.7, ,   317.3, ,
1985,     0.6, ,     3.5, ,     0.0, ,     4.4, ,   107.3, ,   115.5, ,    98.7, ,   251.3, ,   285.5, ,    43.1, ,     0.6, ,     3.5, ,   914.0, ,     4.1, ,   111.6, ,   465.6, ,   329.2, ,
1986,     2.4, ,     0.6, ,     8.8, ,    26.4, ,    88.9, ,   152.6, ,   414.1, ,    67.7, ,   267.6, ,    29.2, ,     2.3, ,     3.1, ,  1063.8, ,     6.4, ,   124.1, ,   634.5, ,   299.1, ,
1987,     0.0, ,     0.0, ,     1.3, ,    16.4, ,    38.4, ,   103.6, ,   279.3, ,   212.0, ,    60.5, ,    35.6, ,     9.9, ,     1.7, ,   758.7, ,     3.1, ,    56.0, ,   595.0, ,   106.0, ,
1988,     0.0, ,     1.3, ,     4.2, ,    20.8, ,    53.7, ,   166.7, ,   227.9, ,   185.7, ,   204.7, ,    10.4, ,     1.8, ,     1.3, ,   878.5, ,     3.0, ,    78.7, ,   580.3, ,   216.9, ,
1989,     1.0, ,     3.1, ,     0.7, ,    24.0, ,    78.8, ,   192.0, ,   141.4, ,   241.7, ,    83.8, ,    77.5, ,     8.9, ,     6.3, ,   859.0, ,     5.4, ,   103.4, ,   575.1, ,   170.1, ,
1990,     0.0, ,     0.0, ,    15.1, ,    57.8, ,   178.8, ,   257.2, ,   259.8, ,   146.7, ,    15.4, ,     3.4, ,     0.0, ,     0.0, ,   934.2, ,     6.3, ,   251.7, ,   663.7, ,    18.8, ,
1991,     0.0, ,     8.0, ,     0.0, ,    50.8, ,   201.8, ,   267.2, ,   139.5, ,   188.5, ,    73.6, ,    33.1, ,     0.3, ,     0.0, ,   962.9, ,     8.0, ,   252.7, ,   595.2, ,   107.0, ,
1992,     2.2, ,     0.0, ,     0.3, ,    23.5, ,   187.2, ,   197.8, ,   171.9, ,    65.8, ,   128.5, ,    25.8, ,    17.1, ,     0.0, ,   820.1, ,     2.2, ,   211.0, ,   435.5, ,   171.4, ,
1993,     0.3, ,     0.0, ,     1.1, ,    43.8, ,    92.7, ,   291.9, ,   239.4, ,   208.2, ,    92.8, ,    19.2, ,     4.6, ,     0.0, ,   994.0, ,     0.3, ,   137.6, ,   739.5, ,   116.6, ,
1994,     0.0, , -9999.9,M, -9999.9,M, -9999.9,M, -9999.9,M, -9999.9,M, -9999.9,M, -9999.9,M, -9999.9,M, -9999.9,M, -9999.9,M, -9999.9,M, -9999.9,M, -9999.9,M, -9999.9,M, -9999.9,M, -9999.9,M,
1995, -9999.9,M, -9999.9,M, -9999.9,M, -9999.9,M, -9999.9,M, -9999.9,M, -9999.9,M, -9999.9,M, -9999.9,M, -9999.9,M, -9999.9,M, -9999.9,M, -9999.9,M, -9999.9,M, -9999.9,M, -9999.9,M, -9999.9,M,
1996, -9999.9,M, -9999.9,M,     0.0, ,     1.6, ,   109.1, ,   124.9, ,   332.9, ,   133.8, ,   132.4, ,    18.6, ,     0.0, ,     0.0, , -9999.9,M, -9999.9,M,   110.8, ,   591.6, ,   151.0, ,
1997,     0.0, ,     0.0, ,     0.0, ,    40.3, ,    95.6, ,   292.1, ,   224.3, ,   174.4, ,   115.0, ,    32.3, ,    18.7, ,     0.0, ,   992.7, ,     0.0, ,   135.9, ,   690.9, ,   166.0, ,
1998,     0.0, ,     0.0, ,     1.6, ,    16.8, ,   109.4, ,   387.3, ,   110.9, ,   156.7, ,    31.7, ,    75.0, ,     0.0, ,     0.0, ,   889.4, ,     0.0, ,   127.8, ,   654.9, ,   106.8, ,
1999,     0.0, ,     0.0, ,     1.2, ,    27.3, ,   109.1, ,   133.2, ,   456.8, ,    85.4, ,    33.1, ,     6.6, , -9999.9,M,     0.0, , -9999.9,M,     0.0, ,   137.6, ,   675.5, , -9999.9,M,
2000,     0.0, ,     0.0, ,     0.0, ,    24.0, ,   120.3, ,   250.9, ,   388.9, ,   154.8, ,    88.0, ,     4.1, ,     0.0, ,     7.1, ,  1038.1, ,     0.0, ,   144.3, ,   794.6, ,    92.1, ,
2001,     0.0, ,     0.0, ,     4.3, ,    15.0, ,    57.6, ,   191.4, ,   224.6, ,    63.9, ,    66.0, ,     7.0, ,     0.0, ,     0.0, ,   629.9, ,     7.1, ,    77.0, ,   479.9, ,    73.0, ,
2002,     0.0, ,     0.0, ,     0.0, ,    26.4, ,    61.0, ,    31.7, ,   158.2, ,   121.6, ,   107.8, ,    25.3, ,     5.3, ,     0.0, ,   537.4, ,     0.0, ,    87.4, ,   311.6, ,   138.4, ,
2003,     6.6, ,     0.0, ,     4.6, ,   136.7, ,    46.3, ,   148.6, ,    51.8, ,    61.8, ,   125.6, ,    37.6, ,     0.0, ,     0.0, ,   619.5, ,     6.6, ,   187.5, ,   262.2, ,   163.1, ,
2004,     0.0, ,     0.0, ,     0.8, ,     3.3, ,   125.8, ,   142.6, ,   154.0, ,   289.1, ,   182.7, ,    41.4, ,     4.9, ,    22.4, ,   967.1, ,     0.0, ,   129.8, ,   585.8, ,   229.1, ,
2005,     0.0, ,     0.0, ,     0.0, ,    14.1, ,   129.2, ,   409.7, ,   162.7, ,   224.1, ,   183.9, ,    69.5, ,     2.0, ,     7.9, ,  1203.1, ,    22.4, ,   143.2, ,   796.5, ,   255.4, ,
2006, -9999.9,M,     0.0, ,     9.5, ,     0.0, ,    95.0, ,   277.1, ,   138.7, ,   183.0, ,   195.3, ,     0.0, ,     0.0, ,     0.0, , -9999.9,M, -9999.9,M,   104.5, ,   598.8, ,   195.3, ,
2007,     0.0, ,     0.0, ,     0.0, ,    56.1, ,   193.2, ,   417.7, ,   107.6, ,   218.1, ,   152.7, ,    14.0, ,     0.0, , -9999.9,M, -9999.9,M,     0.0, ,   249.3, ,   743.4, ,   166.7, ,
2008, -9999.9,M, -9999.9,M, -9999.9,M, -9999.9,M, -9999.9,M, -9999.9,M, -9999.9,M, -9999.9,M, -9999.9,M, -9999.9,M, -9999.9,M, -9999.9,M, -9999.9,M, -9999.9,M, -9999.9,M, -9999.9,M, -9999.9,M,
2009, -9999.9,M, -9999.9,M, -9999.9,M, -9999.9,M, -9999.9,M, -9999.9,M, -9999.9,M, -9999.9,M, -9999.9,M, -9999.9,M, -9999.9,M, -9999.9,M, -9999.9,M, -9999.9,M, -9999.9,M, -9999.9,M, -9999.9,M,
2010, -9999.9,M, -9999.9,M, -9999.9,M, -9999.9,M, -9999.9,M, -9999.9,M, -9999.9,M, -9999.9,M, -9999.9,M, -9999.9,M, -9999.9,M, -9999.9,M, -9999.9,M, -9999.9,M, -9999.9,M, -9999.9,M, -9999.9,M,
2011, -9999.9,M, -9999.9,M, -9999.9,M, -9999.9,M, -9999.9,M, -9999.9,M, -9999.9,M, -9999.9,M, -9999.9,M, -9999.9,M, -9999.9,M, -9999.9,M, -9999.9,M, -9999.9,M, -9999.9,M, -9999.9,M, -9999.9,M,
