3070600,BEAVERLODGE              ,AB  ,station joined    , Monthly total of daily adjusted precipitation, mm, Updated to December 2011
3070600,BEAVERLODGE              ,AB  ,station jointe    , Total mensuel des chutes de précipitations quotidiennes ajustées, mm, Mise à jour jusqu à décembre 2011
Year,     Jan, ,     Feb, ,     Mar, ,     Apr, ,     May, ,     Jun, ,     Jul, ,     Aug, ,     Sep, ,     Oct, ,     Nov, ,     Dec, ,  Annual, ,  Winter, ,  Spring, ,  Summer, ,  Autumn
An  ,    Janv, ,     Fév, ,    Mars, ,     Avr, ,     Mai, ,    Juin, ,    Juil, ,    Août, ,    Sept, ,     Oct, ,     Nov, ,     Déc, ,  Annuel, ,   Hiver, ,Printemp, ,     Eté, , Automne
1916, -9999.9,M,     7.8, ,    32.5, ,     2.8, ,     6.7, ,    13.3, ,   107.2, ,    12.6, ,    14.6, ,    12.8, ,     5.3, ,    39.3, , -9999.9,M, -9999.9,M,    42.0, ,   133.1, ,    32.6, ,
1917,    65.3, ,    26.4, ,    23.4, ,     5.4, ,    68.3, ,    28.2, ,    12.2, ,    22.0, ,     6.5, ,    42.3, ,    10.5, ,    67.9, ,   378.5, ,   131.1, ,    97.1, ,    62.5, ,    59.3, ,
1918,    35.7, ,    31.3, ,    33.6, ,    10.5, ,     6.0, ,    47.3, ,    73.3, ,    46.9, ,    11.8, ,    69.2, ,    26.2, ,    28.6, ,   420.4, ,   134.9, ,    50.1, ,   167.5, ,   107.2, ,
1919,    16.9, ,    18.3, ,    49.6, ,    27.1, ,    28.4, ,    67.8, ,    61.6, ,    58.5, ,    47.9, ,    45.6, ,    61.7, ,    47.1, ,   530.5, ,    63.8, ,   105.1, ,   187.9, ,   155.1, ,
1920,   100.8, ,     5.3, ,    60.1, ,    48.1, ,    31.2, ,    86.3, ,    68.2, ,    72.4, ,    51.2, ,    44.8, ,    11.2, ,    17.0, ,   596.6, ,   153.1, ,   139.4, ,   226.9, ,   107.3, ,
1921,    36.5, ,    25.6, ,    31.4, ,     1.1, ,    45.1, ,    56.2, ,    52.9, ,    68.6, ,    72.7, ,    18.8, ,    24.5, ,    15.6, ,   449.0, ,    79.1, ,    77.6, ,   177.7, ,   116.0, ,
1922,    45.6, ,    45.7, ,    31.2, ,     2.6, ,    57.2, ,    10.9, ,    13.0, ,    14.9, ,    39.8, ,    16.6, ,    20.8, ,    20.9, ,   319.2, ,   107.0, ,    91.0, ,    38.8, ,    77.2, ,
1923,    18.2, ,     0.0, ,    41.8, ,     6.5, ,     6.7, ,    35.3, ,    99.6, ,    25.5, ,    16.4, ,     5.2, ,     3.4, ,    12.8, ,   271.5, ,    39.1, ,    55.0, ,   160.3, ,    25.1, ,
1924,    30.0, ,    11.8, ,    36.5, ,     4.1, ,    13.3, ,    17.2, ,    52.1, ,   124.4, ,    39.4, ,    54.0, ,    36.8, ,    41.1, ,   460.6, ,    54.6, ,    53.9, ,   193.7, ,   130.2, ,
1925,    33.3, ,    46.6, ,    44.5, ,     3.4, ,    25.4, ,    34.2, ,    38.0, ,    95.2, ,    66.7, ,    42.3, ,    53.7, ,    66.1, ,   549.4, ,   121.0, ,    73.3, ,   167.4, ,   162.7, ,
1926,    13.1, ,    12.0, ,     7.5, ,    25.3, ,    30.0, ,   118.7, ,    56.6, ,    19.3, ,    49.9, ,    18.5, ,    39.7, ,    31.1, ,   421.7, ,    91.1, ,    62.9, ,   194.6, ,   108.1, ,
1927,    43.1, ,    36.8, ,    26.0, ,    21.0, ,    64.2, ,    76.3, ,    81.0, ,    28.3, ,    62.9, ,    24.7, ,    38.4, ,    52.4, ,   555.1, ,   111.0, ,   111.2, ,   185.6, ,   126.0, ,
1928,    11.3, ,     5.3, ,    29.6, ,    80.0, ,    26.4, ,    62.5, ,    58.8, ,    41.7, ,    23.0, ,    22.9, ,     2.6, ,    36.6, ,   400.5, ,    68.9, ,   135.9, ,   163.1, ,    48.5, ,
1929,    68.0, ,    15.9, ,    13.1, ,    31.1, ,    56.6, ,    59.9, ,    95.9, ,    33.5, ,   129.8, ,    19.7, ,    35.7, ,    22.2, ,   581.4, ,   120.4, ,   100.8, ,   189.3, ,   185.2, ,
1930,    17.1, ,    10.5, ,    13.1, ,    15.4, ,    73.4, ,    72.6, ,    33.3, ,    26.8, ,    66.1, ,    46.1, ,    35.4, ,     9.8, ,   419.6, ,    49.8, ,   101.9, ,   132.7, ,   147.7, ,
1931,     6.6, ,     0.0, ,    39.5, ,     2.6, ,    38.0, ,    69.7, ,    31.3, ,    46.9, ,    34.6, ,    18.8, ,    36.4, ,    18.9, ,   343.2, ,    16.4, ,    80.1, ,   147.8, ,    89.8, ,
1932,    20.9, ,    48.8, ,    38.0, ,    56.1, ,    25.9, ,    15.1, ,    53.8, ,    39.0, ,    22.9, ,    24.4, ,    63.3, ,     9.2, ,   417.4, ,    88.7, ,   119.9, ,   107.9, ,   110.7, ,
1933,    40.2, ,    44.8, ,    30.3, ,    28.7, ,    49.5, ,    48.3, ,    52.9, ,     8.1, ,    48.7, ,    64.7, ,    92.9, ,    88.3, ,   597.6, ,    94.1, ,   108.6, ,   109.4, ,   206.3, ,
1934,    26.3, ,     8.2, ,    41.2, ,    10.4, ,    35.8, ,    61.3, ,    65.5, ,    82.7, ,    91.5, ,    39.3, ,    45.3, ,    40.7, ,   548.2, ,   122.8, ,    87.5, ,   209.5, ,   176.0, ,
1935,    84.4, ,    22.4, ,    43.6, ,    19.8, ,    61.4, ,    85.9, ,   133.0, ,    65.4, ,    26.7, ,    34.8, ,    62.0, ,    18.9, ,   658.2, ,   147.6, ,   124.8, ,   284.3, ,   123.5, ,
1936,    37.5, ,    27.6, ,    17.4, ,    36.3, ,    32.8, ,   113.5, ,    52.3, ,    52.6, ,    98.9, ,    47.7, ,    30.7, ,    30.1, ,   577.3, ,    83.9, ,    86.5, ,   218.4, ,   177.3, ,
1937,    50.0, ,     7.4, ,    28.8, ,    23.7, ,    22.5, ,    45.2, ,    63.3, ,   105.5, ,    34.5, ,    35.5, ,    38.4, ,    22.0, ,   476.7, ,    87.5, ,    75.0, ,   214.0, ,   108.4, ,
1938,    19.9, ,    30.9, ,    20.0, ,    12.6, ,    11.8, ,    40.7, ,    16.3, ,    67.2, ,    60.5, ,    21.3, ,    40.0, ,    38.8, ,   380.0, ,    72.8, ,    44.4, ,   124.2, ,   121.9, ,
1939,    29.5, ,    69.6, ,    34.7, ,    26.7, ,    46.7, ,    45.5, ,   100.8, ,    53.6, ,    58.0, ,    86.9, ,    32.8, ,    36.6, ,   621.5, ,   137.9, ,   108.0, ,   199.9, ,   177.8, ,
1940,    47.2, ,    18.9, ,    55.2, ,    53.4, ,    29.6, ,    36.3, ,    78.8, ,    11.4, ,    15.8, ,    16.5, ,    40.1, ,    13.4, ,   416.6, ,   102.7, ,   138.3, ,   126.5, ,    72.3, ,
1941,    29.7, ,    39.0, ,    12.2, ,    18.8, ,    60.5, ,    76.7, ,   124.1, ,    88.6, ,   112.7, ,    33.1, ,    18.7, ,    28.9, ,   643.2, ,    82.2, ,    91.6, ,   289.4, ,   164.5, ,
1942,     2.3, ,    15.8, ,    18.0, ,    31.0, ,    64.0, ,    79.9, ,    28.8, ,    60.2, ,    36.9, ,    10.4, ,    71.9, ,    28.4, ,   447.7, ,    47.0, ,   113.1, ,   168.9, ,   119.3, ,
1943,    10.8, ,    19.9, ,    43.3, ,     3.8, ,    93.7, ,    90.6, ,    62.0, ,    74.2, ,    18.5, ,    15.3, ,     0.6, ,     3.9, ,   436.6, ,    59.1, ,   140.8, ,   226.7, ,    34.4, ,
1944,     9.5, ,    46.5, ,    20.6, ,    25.5, ,    30.6, ,    65.0, ,    40.4, ,    30.5, ,    78.2, ,    13.5, ,    54.3, ,    21.3, ,   435.8, ,    59.9, ,    76.6, ,   135.9, ,   146.0, ,
1945,    69.9, ,    21.5, ,    13.1, ,    24.1, ,    43.5, ,    54.3, ,    18.6, ,    13.0, ,    63.0, ,    50.9, ,    40.1, ,    16.2, ,   428.3, ,   112.8, ,    80.8, ,    85.9, ,   154.0, ,
1946,    42.8, ,    23.6, ,     5.1, ,     4.0, ,    37.4, ,    44.1, ,    37.7, ,    25.1, ,    44.1, ,    10.2, ,    26.5, ,    52.4, ,   352.9, ,    82.6, ,    46.5, ,   106.9, ,    80.7, ,
1947,    67.7, ,    63.6, ,    18.0, ,    33.8, ,    41.7, ,    37.3, ,   151.2, ,    62.4, ,    38.8, ,    26.8, ,    22.6, ,    44.3, ,   608.3, ,   183.7, ,    93.5, ,   250.9, ,    88.3, ,
1948,    17.5, ,    67.1, ,    41.7, ,    61.2, ,    24.0, ,    24.1, ,   105.7, ,   110.1, ,    45.6, ,    13.7, ,    12.4, ,    23.2, ,   546.3, ,   128.9, ,   126.9, ,   240.0, ,    71.7, ,
1949,    41.4, ,    36.9, ,    23.1, ,    23.9, ,    49.0, ,    59.9, ,    51.8, ,    59.6, ,    26.8, ,    28.1, ,    25.8, ,    55.5, ,   481.7, ,   101.4, ,    96.0, ,   171.3, ,    80.7, ,
1950,    13.1, ,    32.0, ,     6.2, ,    26.9, ,    60.9, ,    15.9, ,    67.5, ,    61.2, ,    25.4, ,    19.6, ,    58.6, ,    25.2, ,   412.6, ,   100.7, ,    94.0, ,   144.6, ,   103.6, ,
1951,    33.3, ,    61.6, ,    39.1, ,    33.2, ,    57.8, ,    31.3, ,   222.0, ,    52.5, ,    33.8, ,    63.2, ,    15.0, ,    24.4, ,   667.2, ,   120.1, ,   130.1, ,   305.8, ,   112.0, ,
1952,    53.6, ,    24.6, ,    22.8, ,    10.3, ,    12.5, ,    56.1, ,    60.5, ,    65.3, ,    29.6, ,    16.6, ,     4.5, ,    10.9, ,   367.2, ,   102.6, ,    45.5, ,   181.8, ,    50.6, ,
1953,    90.5, ,    11.6, ,    26.7, ,    23.1, ,    55.3, ,    73.5, ,    60.7, ,    21.4, ,    38.0, ,    12.6, ,    25.9, ,    21.6, ,   460.8, ,   113.0, ,   105.1, ,   155.5, ,    76.5, ,
1954,    30.7, ,    48.8, ,    31.6, ,    21.6, ,    54.7, ,    68.4, ,    39.5, ,    94.5, ,    58.2, ,    25.6, ,     9.9, ,    30.1, ,   513.7, ,   101.2, ,   107.8, ,   202.5, ,    93.8, ,
1955,    19.2, ,    10.2, ,    29.6, ,    21.6, ,    60.5, ,    22.6, ,   144.2, ,     6.3, ,    37.3, ,    49.8, ,    27.8, ,    43.5, ,   472.6, ,    59.5, ,   111.8, ,   173.1, ,   115.0, ,
1956,    27.4, ,    17.0, ,    38.5, ,     3.7, ,     9.2, ,   128.9, ,    59.1, ,    49.8, ,    30.3, ,    23.3, ,    30.7, ,    52.6, ,   470.5, ,    87.8, ,    51.4, ,   237.8, ,    84.3, ,
1957,    24.3, ,    35.5, ,    12.1, ,    17.8, ,    36.1, ,    68.9, ,   108.3, ,   119.2, ,     7.6, ,   124.6, ,    45.3, ,    45.4, ,   645.0, ,   112.4, ,    66.0, ,   296.4, ,   177.5, ,
1958,    10.4, ,    27.1, ,    20.1, ,     3.6, ,    30.6, ,    79.4, ,    11.0, ,    46.1, ,    71.5, ,    30.1, ,    16.9, ,    52.4, ,   399.2, ,    82.9, ,    54.3, ,   136.4, ,   118.5, ,
1959,    40.5, ,    19.9, ,     9.5, ,    45.8, ,    34.1, ,    48.2, ,    40.4, ,    74.9, ,    27.6, ,    57.5, ,    30.1, ,     2.6, ,   431.2, ,   112.8, ,    89.5, ,   163.5, ,   115.2, ,
1960,    16.4, ,    26.0, ,    34.4, ,     3.4, ,   128.6, ,   164.0, ,    13.9, ,    53.3, ,    13.8, ,    31.3, ,    22.1, ,    24.7, ,   531.9, ,    45.0, ,   166.4, ,   231.3, ,    67.2, ,
1961,     6.7, ,    50.9, ,    19.8, ,    12.6, ,    39.0, ,   104.0, ,    71.5, ,    29.1, ,    52.4, ,    21.5, ,    32.0, ,    43.9, ,   483.4, ,    82.3, ,    71.5, ,   204.5, ,   105.9, ,
1962,    62.0, ,    18.7, ,    13.5, ,    44.4, ,    48.0, ,    41.7, ,   105.0, ,    62.8, ,    12.4, ,    29.2, ,    64.3, ,    75.6, ,   577.5, ,   124.5, ,   106.0, ,   209.4, ,   105.9, ,
1963,    73.2, ,    59.8, ,    39.3, ,    40.1, ,    16.6, ,    12.1, ,    47.8, ,    30.1, ,    54.5, ,    16.3, ,    60.9, ,    18.8, ,   469.3, ,   208.6, ,    95.9, ,    89.9, ,   131.7, ,
1964,    33.9, ,    25.4, ,    35.1, ,    39.0, ,    81.5, ,   178.7, ,   147.1, ,   136.2, ,    47.3, ,    18.7, ,    64.9, ,    23.2, ,   831.1, ,    78.1, ,   155.7, ,   462.1, ,   130.9, ,
1965,    79.1, ,    50.2, ,     7.1, ,    49.9, ,    36.3, ,   138.7, ,    92.8, ,   145.8, ,    37.6, ,    22.5, ,    56.1, ,    23.7, ,   739.7, ,   152.4, ,    93.3, ,   377.4, ,   116.1, ,
1966,    57.9, ,    41.0, ,    28.1, ,    54.6, ,    23.2, ,    34.7, ,    89.8, ,   108.3, ,    20.7, ,    21.8, ,    83.7, ,    27.6, ,   591.6, ,   122.6, ,   106.0, ,   232.8, ,   126.2, ,
1967,    68.5, ,    16.9, ,    58.3, ,    20.2, ,    25.2, ,    22.5, ,    10.9, ,    22.2, ,    32.7, ,    44.1, ,    36.0, ,    36.5, ,   394.0, ,   113.0, ,   103.7, ,    55.6, ,   112.8, ,
1968,    45.3, ,    25.1, ,    28.5, ,    20.2, ,    58.3, ,    94.3, ,    22.5, ,    84.5, ,    44.5, ,    22.0, ,    27.3, ,    39.4, ,   512.0, ,   106.9, ,   107.0, ,   201.4, ,    93.7, ,
1969,    20.5, ,    31.6, ,    52.7, ,    31.1, ,    18.8, ,    54.0, ,    28.9, ,    45.8, ,   133.5, ,    17.4, ,    49.1, ,    11.3, ,   494.8, ,    91.6, ,   102.6, ,   128.8, ,   200.0, ,
1970,    25.8, ,    13.9, ,    48.0, ,     5.7, ,    27.7, ,    38.6, ,    25.5, ,    43.6, ,    15.8, ,    11.8, ,    49.7, ,    32.1, ,   338.5, ,    51.1, ,    81.5, ,   107.8, ,    77.4, ,
1971,   111.3, ,     5.8, ,    31.1, ,    17.4, ,     2.3, ,   185.4, ,    70.6, ,    41.8, ,    97.7, ,    13.0, ,    20.7, ,    33.5, ,   630.6, ,   149.2, ,    50.8, ,   297.8, ,   131.4, ,
1972,    32.0, ,    70.5, ,    52.5, ,     3.6, ,     1.0, ,    59.4, ,    62.6, ,    49.7, ,    81.1, ,    46.2, ,    62.3, ,    49.9, ,   570.9, ,   136.0, ,    57.1, ,   171.8, ,   189.6, ,
1973,    28.0, ,    25.4, ,     6.3, ,     5.3, ,    11.2, ,    60.7, ,    17.9, ,    92.5, ,    39.3, ,    49.9, ,    69.6, ,    33.7, ,   439.9, ,   103.3, ,    22.7, ,   171.1, ,   158.9, ,
1974,    93.4, ,    20.8, ,    58.7, ,    12.8, ,    55.1, ,    13.7, ,    72.5, ,    61.9, ,    59.1, ,    18.4, ,    18.6, ,    52.3, ,   537.4, ,   148.0, ,   126.6, ,   148.1, ,    96.1, ,
1975,    24.2, ,    12.8, ,    37.4, ,    22.9, ,    22.8, ,    74.2, ,    30.9, ,    58.4, ,    12.6, ,    45.8, ,    46.0, ,    71.9, ,   459.8, ,    89.4, ,    83.1, ,   163.5, ,   104.3, ,
1976,    21.0, ,    27.3, ,    39.0, ,     8.6, ,    53.0, ,    97.2, ,    67.9, ,   162.0, ,    41.7, ,    14.7, ,     7.1, ,    48.7, ,   588.3, ,   120.2, ,   100.6, ,   327.2, ,    63.5, ,
1977,    33.2, ,     2.8, ,    22.2, ,     3.6, ,   160.6, ,    54.6, ,   122.3, ,    61.0, ,    52.8, ,    38.2, ,     9.6, ,    22.0, ,   583.0, ,    84.7, ,   186.4, ,   238.0, ,   100.6, ,
1978,    28.1, ,     2.4, ,    16.9, ,    33.1, ,    24.5, ,    54.1, ,    62.0, ,    82.8, ,    75.0, ,     5.5, ,    18.2, ,    26.9, ,   429.5, ,    52.5, ,    74.5, ,   199.0, ,    98.7, ,
1979,    20.2, ,    86.0, ,     6.4, ,    37.6, ,    32.4, ,    69.9, ,    83.7, ,    29.9, ,    30.6, ,    38.6, ,     0.0, ,    35.1, ,   470.4, ,   133.1, ,    76.4, ,   183.5, ,    69.2, ,
1980,    31.1, ,    14.6, ,    44.1, ,    10.9, ,    54.4, ,    70.2, ,    70.8, ,   117.8, ,    83.1, ,    10.3, ,     1.1, ,   143.0, ,   651.4, ,    80.8, ,   109.5, ,   258.8, ,    94.5, ,
1981,     7.0, ,     9.4, ,     4.3, ,    33.5, ,    63.3, ,    42.1, ,    44.1, ,    29.9, ,    40.1, ,    18.6, ,     9.7, ,    38.9, ,   340.9, ,   159.4, ,   101.2, ,   116.2, ,    68.3, ,
1982,   136.5, ,    38.2, ,    29.3, ,     3.6, ,    18.4, ,    30.7, ,   176.9, ,   131.8, ,    31.5, ,    31.9, ,    17.7, ,    18.4, ,   665.0, ,   213.6, ,    51.3, ,   339.5, ,    81.0, ,
1983,    19.5, ,    20.7, ,    35.6, ,    36.6, ,    32.1, ,   141.2, ,   135.8, ,    34.0, ,    28.9, ,    15.5, ,    17.6, ,    29.2, ,   546.8, ,    58.7, ,   104.3, ,   311.0, ,    62.1, ,
1984,    33.6, ,     5.8, ,    16.3, ,     9.6, ,    62.0, ,    98.4, ,    19.5, ,    38.6, ,    80.5, ,    56.9, ,    28.9, ,    28.8, ,   479.0, ,    68.7, ,    87.9, ,   156.5, ,   166.3, ,
1985,    17.1, ,    28.2, ,     8.3, ,     4.2, ,     7.2, ,    57.4, ,    16.0, ,    64.7, ,    95.5, ,    44.7, ,    29.3, ,    11.7, ,   384.5, ,    74.1, ,    19.8, ,   138.2, ,   169.5, ,
1986,    24.1, ,    37.1, ,    27.9, ,    51.3, ,    24.9, ,    20.2, ,   113.0, ,    15.3, ,    95.9, ,    15.8, ,    40.7, ,     0.3, ,   466.5, ,    72.9, ,   104.1, ,   148.6, ,   152.4, ,
1987,    13.6, ,    25.9, ,    32.1, ,    18.1, ,    47.7, ,    62.5, ,    94.9, ,    72.6, ,     4.5, ,    15.0, ,     5.1, ,    16.0, ,   407.9, ,    39.8, ,    97.9, ,   230.0, ,    24.5, ,
1988,    49.7, ,    47.2, ,    13.2, ,     6.5, ,    30.1, ,   105.9, ,    67.1, ,    48.4, ,    36.2, ,     4.8, ,    31.4, ,    22.1, ,   462.7, ,   112.9, ,    49.8, ,   221.5, ,    72.3, ,
1989,    23.4, ,     8.2, ,    32.4, ,    10.1, ,    63.2, ,    71.4, ,   105.9, ,   108.3, ,    65.0, ,    22.4, ,    24.0, ,    27.3, ,   561.4, ,    53.7, ,   105.7, ,   285.5, ,   111.3, ,
1990,    47.4, ,    11.9, ,     8.2, ,    14.9, ,    54.9, ,   185.2, ,    62.4, ,    47.6, ,    18.3, ,    31.3, ,    69.3, ,    57.4, ,   609.0, ,    86.6, ,    78.1, ,   295.2, ,   119.0, ,
1991,    11.0, ,     6.3, ,    10.4, ,    16.1, ,    45.8, ,    94.2, ,    33.2, ,    57.6, ,    31.3, ,    40.1, ,    42.4, ,    45.7, ,   434.2, ,    74.7, ,    72.4, ,   185.0, ,   113.8, ,
1992,    26.6, ,    21.4, ,    12.9, ,    23.8, ,    35.5, ,    47.9, ,    60.2, ,    51.9, ,    84.7, ,     9.6, ,    13.5, ,    30.6, ,   418.6, ,    93.7, ,    72.2, ,   160.0, ,   107.8, ,
1993,    13.1, ,     6.3, ,    12.1, ,    54.3, ,    17.2, ,   138.6, ,    84.1, ,    84.5, ,    25.0, ,    29.2, ,    12.7, ,    27.6, ,   504.8, ,    50.0, ,    83.6, ,   307.2, ,    66.9, ,
1994,   102.6, ,    46.3, ,     4.0, ,     8.6, ,    46.3, ,   129.7, ,    77.1, ,   106.2, ,    46.5, ,    24.6, ,    70.9, ,    24.9, ,   687.7, ,   176.5, ,    58.9, ,   313.0, ,   142.0, ,
1995,     8.9, ,    27.9, ,    23.2, ,    25.5, ,    34.9, ,    88.8, ,   147.4, ,    30.9, ,     9.5, ,    23.3, ,    82.1, ,    51.5, ,   554.1, ,    61.7, ,    83.6, ,   267.2, ,   115.0, ,
1996,    32.7, ,    15.1, ,    18.1, ,    25.6, ,    73.7, ,    47.1, ,    97.9, ,    77.4, ,    57.4, , -9999.9,M, -9999.9,M, -9999.9,M, -9999.9,M,    99.3, ,   117.4, ,   222.4, , -9999.9,M,
1997, -9999.9,M, -9999.9,M,    27.8, , -9999.9,M,    44.3, ,    75.9, ,   118.7, ,    61.6, ,    60.4, ,    24.4, ,     4.3, ,     2.5, , -9999.9,M, -9999.9,M, -9999.9,M,   256.2, ,    89.1, ,
1998, -9999.9,M, -9999.9,M, -9999.9,M,    11.1, ,    52.8, ,    42.9, ,    27.0, ,    20.8, ,    25.7, ,    31.6, , -9999.9,M, -9999.9,M, -9999.9,M, -9999.9,M, -9999.9,M,    90.7, , -9999.9,M,
1999, -9999.9,M, -9999.9,M, -9999.9,M,    18.5, ,    29.0, , -9999.9,M,    31.9, ,    31.0, ,    15.1, ,    14.2, ,    21.9, ,    23.5, , -9999.9,M, -9999.9,M, -9999.9,M, -9999.9,M,    51.2, ,
2000, -9999.9,M, -9999.9,M, -9999.9,M, -9999.9,M,    29.3, ,    46.6, ,    45.2, ,   108.9, ,    50.2, ,    19.6, , -9999.9,M, -9999.9,M, -9999.9,M, -9999.9,M, -9999.9,M,   200.7, , -9999.9,M,
2001,    13.5, ,     8.4, ,    12.1, ,    19.4, ,    20.3, ,    39.2, ,   121.1, ,    44.0, ,    15.9, ,    17.3, ,    36.2, ,    14.9, ,   362.4, , -9999.9,M,    51.9, ,   204.3, ,    69.4, ,
2002,    21.6, ,     9.3, ,    25.5, ,    25.3, ,    50.1, ,    43.6, ,    49.7, ,    31.4, ,    57.7, ,    16.5, ,    18.4, ,     3.3, ,   352.2, ,    45.8, ,   100.9, ,   124.7, ,    92.5, ,
2003,    73.4, ,    30.4, ,    29.8, ,    46.2, ,    28.2, ,    51.8, ,    41.1, ,    72.7, ,    32.5, ,    53.6, ,    24.6, ,     7.6, ,   491.8, ,   107.0, ,   104.2, ,   165.6, ,   110.7, ,
2004,    44.4, ,     3.7, ,    32.1, ,    12.5, ,    30.1, ,    50.4, ,    68.5, ,    70.6, ,   100.2, ,    38.4, ,    23.4, , -9999.9,M, -9999.9,M,    55.8, ,    74.7, ,   189.5, ,   162.0, ,
2005,    19.9, ,    18.5, ,    15.7, ,    12.8, ,    57.1, ,    78.0, ,    71.6, ,    54.0, ,    20.9, ,    11.6, ,    14.8, ,    21.6, ,   396.5, , -9999.9,M,    85.6, ,   203.5, ,    47.3, ,
2006,    15.1, ,    33.9, ,    29.9, ,    11.6, ,    64.8, ,    21.5, ,    64.4, ,    11.2, ,    25.2, ,    48.6, ,    40.6, ,    16.6, ,   383.4, ,    70.6, ,   106.3, ,    97.1, ,   114.5, ,
2007,    19.8, , -9999.9,M,    45.3, ,    13.9, ,    73.2, ,    51.8, ,    26.3, ,    82.2, ,    38.1, ,    38.7, ,    21.5, , -9999.9,M, -9999.9,M, -9999.9,M,   132.3, ,   160.3, ,    98.4, ,
2008, -9999.9,M, -9999.9,M, -9999.9,M, -9999.9,M, -9999.9,M, -9999.9,M, -9999.9,M, -9999.9,M, -9999.9,M, -9999.9,M, -9999.9,M, -9999.9,M, -9999.9,M, -9999.9,M, -9999.9,M, -9999.9,M, -9999.9,M,
2009, -9999.9,M, -9999.9,M, -9999.9,M, -9999.9,M, -9999.9,M, -9999.9,M, -9999.9,M, -9999.9,M, -9999.9,M, -9999.9,M, -9999.9,M, -9999.9,M, -9999.9,M, -9999.9,M, -9999.9,M, -9999.9,M, -9999.9,M,
2010, -9999.9,M, -9999.9,M, -9999.9,M, -9999.9,M, -9999.9,M, -9999.9,M, -9999.9,M, -9999.9,M, -9999.9,M, -9999.9,M, -9999.9,M, -9999.9,M, -9999.9,M, -9999.9,M, -9999.9,M, -9999.9,M, -9999.9,M,
2011, -9999.9,M, -9999.9,M, -9999.9,M, -9999.9,M, -9999.9,M, -9999.9,M, -9999.9,M, -9999.9,M, -9999.9,M, -9999.9,M, -9999.9,M, -9999.9,M, -9999.9,M, -9999.9,M, -9999.9,M, -9999.9,M, -9999.9,M,
