306A009,HINTON VALLEY            ,AB  ,station joined    , Monthly total of daily adjusted precipitation, mm, Updated to December 2010
306A009,HINTON VALLEY            ,AB  ,station jointe    , Total mensuel des chutes de précipitations quotidiennes ajustées, mm, Mise à jour jusqu à décembre 2010
Year,     Jan, ,     Feb, ,     Mar, ,     Apr, ,     May, ,     Jun, ,     Jul, ,     Aug, ,     Sep, ,     Oct, ,     Nov, ,     Dec, ,  Annual, ,  Winter, ,  Spring, ,  Summer, ,  Autumn
An  ,    Janv, ,     Fév, ,    Mars, ,     Avr, ,     Mai, ,    Juin, ,    Juil, ,    Août, ,    Sept, ,     Oct, ,     Nov, ,     Déc, ,  Annuel, ,   Hiver, ,Printemp, ,     Eté, , Automne
1917, -9999.9,M, -9999.9,M, -9999.9,M, -9999.9,M, -9999.9,M,    22.7, ,    28.2, ,    92.7, ,    37.0, ,    22.0, ,     7.1, ,    19.9, , -9999.9,M, -9999.9,M, -9999.9,M,   143.7, ,    66.1, ,
1918,     3.3, ,     2.2, ,    10.0, ,     1.6, ,    30.6, ,    29.8, ,    33.2, ,    20.8, ,     4.2, , -9999.9,M,     1.6, ,     3.3, , -9999.9,M,    25.4, ,    42.2, ,    83.8, , -9999.9,M,
1919, -9999.9,M,     6.6, ,    34.3, ,    22.8, , -9999.9,M,    16.6, ,    44.1, ,    26.7, ,    99.2, ,    58.0, ,    33.1, ,    16.5, , -9999.9,M, -9999.9,M, -9999.9,M,    87.3, ,   190.3, ,
1920, -9999.9,M,    15.1, ,    48.5, ,    68.4, ,    43.3, ,    34.8, ,    50.2, ,    77.6, ,    50.5, ,    15.0, ,    28.5, , -9999.9,M, -9999.9,M, -9999.9,M,   160.1, ,   162.7, ,    94.0, ,
1921,    32.0, ,    11.1, ,    40.9, ,    29.8, ,    71.9, ,    18.3, ,    68.8, ,    46.8, ,    27.6, ,     1.1, ,    13.7, ,     2.4, ,   364.3, , -9999.9,M,   142.6, ,   133.9, ,    42.4, ,
1922,     2.5, ,    44.3, ,    13.2, ,    31.4, ,    12.6, ,    23.8, ,    61.5, ,    34.2, ,    15.0, ,    27.1, ,     3.8, ,     4.0, ,   273.3, ,    49.2, ,    57.2, ,   119.4, ,    45.8, ,
1923,    20.3, ,     8.5, ,    25.4, ,     2.0, ,    57.9, ,    81.9, ,    67.1, ,    55.3, ,    32.1, ,     8.1, ,     3.3, ,    18.4, ,   380.2, ,    32.8, ,    85.3, ,   204.3, ,    43.5, ,
1924,    24.2, ,     4.4, ,    50.8, ,    29.4, ,    51.1, , -9999.9,M,    43.6, ,    94.9, ,    26.2, ,     7.1, ,    20.4, ,    39.8, , -9999.9,M,    47.0, ,   131.3, , -9999.9,M,    53.7, ,
1925,    23.8, ,    19.9, ,     7.3, ,    12.7, ,    20.3, ,    98.6, ,    73.0, ,   126.8, ,   117.5, ,    17.8, ,    35.3, ,    33.1, ,   586.1, ,    83.4, ,    40.2, ,   298.4, ,   170.6, ,
1926,    15.4, ,     6.7, ,    22.5, ,    12.0, ,    20.0, ,    67.8, ,    46.2, ,    67.5, ,   109.1, ,    17.4, ,    50.6, ,     1.8, ,   436.9, ,    55.3, ,    54.5, ,   181.5, ,   177.0, ,
1927,     7.3, ,     5.8, ,    25.0, ,    39.9, ,    70.3, ,    94.3, ,    89.8, ,   112.9, ,    54.3, ,    17.4, ,    48.6, ,    17.7, ,   583.3, ,    15.0, ,   135.2, ,   296.9, ,   120.3, ,
1928, -9999.9,M, -9999.9,M, -9999.9,M, -9999.9,M, -9999.9,M, -9999.9,M, -9999.9,M, -9999.9,M, -9999.9,M, -9999.9,M, -9999.9,M, -9999.9,M, -9999.9,M, -9999.9,M, -9999.9,M, -9999.9,M, -9999.9,M,
1929,    18.7, ,     9.9, ,    47.3, ,    21.3, ,    78.2, ,    40.1, ,    66.8, ,    47.7, ,    58.3, ,     1.3, ,    21.4, ,    46.4, ,   457.4, , -9999.9,M,   146.8, ,   154.6, ,    81.0, ,
1930,    13.1, ,     8.1, ,    40.5, ,    30.6, ,    63.4, ,    52.6, ,    56.2, ,    43.0, ,    58.9, ,    29.3, ,     0.4, ,     0.4, ,   396.5, ,    67.6, ,   134.5, ,   151.8, ,    88.6, ,
1931,     5.3, ,     5.5, ,    31.7, ,    29.8, ,    62.7, ,   175.8, ,    86.8, ,    65.0, ,    42.2, ,    51.3, ,    40.8, ,    11.2, ,   608.1, ,    11.2, ,   124.2, ,   327.6, ,   134.3, ,
1932,     9.1, ,    10.5, ,    20.2, ,    30.0, ,    31.9, ,    69.3, ,    87.8, ,   134.0, ,    17.2, ,    51.8, ,    44.6, ,    15.3, ,   521.7, ,    30.9, ,    82.0, ,   291.2, ,   113.6, ,
1933,    10.6, ,    12.9, ,    27.0, ,    21.6, ,    87.4, ,    56.7, ,    40.9, ,    96.9, ,    85.5, ,    26.5, ,    18.4, ,    78.0, ,   562.3, ,    38.8, ,   136.0, ,   194.5, ,   130.3, ,
1934,     7.3, ,     2.3, ,     9.2, ,    17.8, ,   107.1, ,   138.2, ,   107.4, ,    57.8, ,   189.1, ,    35.2, ,    10.2, ,    11.6, ,   693.3, ,    87.6, ,   134.1, ,   303.5, ,   234.6, ,
1935,    47.1, ,     6.0, ,    22.4, ,    44.1, ,   120.2, ,   209.7, ,   127.1, ,    95.0, ,    44.8, ,    68.0, ,    13.1, ,    14.2, ,   811.8, ,    64.7, ,   186.8, ,   431.9, ,   125.9, ,
1936,    28.6, ,    14.2, ,    26.6, ,    24.6, ,    31.6, ,    53.2, ,    15.1, ,   114.3, ,    38.2, ,    22.8, ,     6.7, ,    12.4, ,   388.4, ,    57.0, ,    82.8, ,   182.6, ,    67.7, ,
1937,    25.5, ,     6.0, ,    13.3, ,    27.0, ,    15.6, ,    12.2, ,   101.8, ,    68.2, ,    33.5, ,    14.3, ,    36.8, ,    10.8, ,   365.1, ,    44.0, ,    55.9, ,   182.3, ,    84.6, ,
1938,     1.4, ,     3.1, ,    24.6, ,    38.1, ,    50.4, ,    70.3, ,    59.2, ,   127.6, ,    66.4, ,    18.2, ,     4.1, ,    15.1, ,   478.7, ,    15.3, ,   113.1, ,   257.1, ,    88.7, ,
1939,     3.3, ,    13.2, ,    29.2, ,    10.7, ,    26.1, ,   120.6, ,    44.0, ,    17.1, ,    47.9, ,    50.7, ,     9.8, ,     9.5, ,   382.1, ,    31.7, ,    65.9, ,   181.7, ,   108.4, ,
1940,    18.0, ,    13.2, ,    23.8, ,    64.5, ,    47.1, ,    47.3, ,    75.3, ,    42.5, ,    49.9, ,    21.6, ,    19.8, ,     8.7, ,   431.7, ,    40.7, ,   135.3, ,   165.2, ,    91.2, ,
1941,     8.8, ,     6.5, ,    31.4, ,     9.4, ,    51.8, ,   120.0, ,    67.1, ,    96.4, ,    70.2, ,    13.1, ,    21.0, ,    19.9, ,   515.6, ,    24.1, ,    92.7, ,   283.5, ,   104.2, ,
1942,     2.2, ,    34.2, ,    31.1, ,    19.3, ,    50.4, ,    66.0, ,   148.2, ,   123.7, ,    54.9, ,    28.9, ,    61.6, ,    14.0, ,   634.6, ,    56.2, ,   100.9, ,   337.8, ,   145.5, ,
1943,    10.3, ,    15.7, ,    21.0, ,     0.7, ,    64.8, ,   142.4, ,    57.7, ,    48.5, ,    25.5, ,    15.4, ,     5.6, ,     9.9, ,   417.5, ,    39.9, ,    86.5, ,   248.6, ,    46.5, ,
1944,     0.0, ,    30.6, ,    17.6, ,    53.5, ,   118.8, ,   219.0, ,   134.8, ,    69.6, ,    48.7, ,     7.4, ,    17.9, ,    20.5, ,   738.4, ,    40.5, ,   189.9, ,   423.5, ,    74.0, ,
1945,    16.2, ,    11.0, ,    15.5, ,    54.4, ,    45.7, ,    47.7, ,    68.2, ,    33.7, ,    75.0, ,    17.9, ,    18.9, ,    27.7, ,   431.8, ,    47.6, ,   115.5, ,   149.6, ,   111.8, ,
1946,    13.1, ,    26.3, ,    43.9, ,     5.0, ,    38.2, ,    89.7, ,    10.1, ,    14.2, ,    51.9, ,    13.4, ,    38.6, ,    20.1, ,   364.4, ,    67.0, ,    87.1, ,   114.0, ,   103.8, ,
1947,    14.9, ,    25.6, ,    18.0, ,    44.9, ,    65.7, ,    95.8, ,   101.6, ,    71.4, ,    34.4, ,    16.0, ,    33.2, ,    28.7, ,   550.3, ,    60.6, ,   128.7, ,   268.9, ,    83.6, ,
1948,    15.3, ,    42.6, ,    11.7, ,    64.3, ,    44.9, ,    39.3, ,    69.3, ,   269.7, ,    37.3, ,    12.4, , -9999.9,M,     6.4, , -9999.9,M,    86.6, ,   120.9, ,   378.3, , -9999.9,M,
1949,     8.9, ,    10.5, ,     3.1, ,     0.0, ,     0.0, ,    33.3, ,   100.1, , -9999.9,M,    32.0, ,    25.1, ,    14.5, ,    55.0, , -9999.9,M,    25.9, ,     3.1, , -9999.9,M,    71.6, ,
1950,    42.0, ,     4.5, ,    13.5, ,    17.8, ,    67.2, ,    48.6, ,    63.8, ,    80.2, ,     4.4, ,    52.8, ,    49.9, ,    14.8, ,   459.6, ,   101.5, ,    98.5, ,   192.6, ,   107.1, ,
1951,    24.8, ,    17.1, ,    17.5, ,    19.2, ,    82.4, ,    76.9, ,   134.6, ,    70.0, ,    24.0, ,    69.2, ,    19.9, ,    28.1, ,   583.7, ,    56.7, ,   119.1, ,   281.5, ,   113.1, ,
1952,    12.2, ,    11.6, ,    25.5, ,     0.1, , -9999.9,M,   136.1, ,    64.6, ,    46.8, ,    54.8, ,    10.0, ,     0.0, ,     0.0, , -9999.9,M,    51.8, , -9999.9,M,   247.5, ,    64.8, ,
1953,    61.0, ,    11.8, ,    23.7, ,    61.6, ,    67.3, ,   134.3, ,   128.6, ,   106.9, ,     5.6, ,    17.6, ,    10.3, ,     4.0, ,   632.6, ,    72.8, ,   152.6, ,   369.7, ,    33.5, ,
1954,    14.2, ,    19.2, ,    51.2, ,    65.7, ,    78.3, ,   124.1, ,    65.3, ,   155.3, ,   101.2, ,     4.4, ,    28.7, ,     5.5, ,   713.2, ,    37.5, ,   195.3, ,   344.7, ,   134.3, ,
1955,     6.5, ,    29.7, ,    23.7, , -9999.9,M, -9999.9,M, -9999.9,M, -9999.9,M, -9999.9,M, -9999.9,M, -9999.9,M, -9999.9,M,    24.7, , -9999.9,M,    41.7, , -9999.9,M, -9999.9,M, -9999.9,M,
1956,    33.6, ,    15.5, ,    12.2, ,    11.0, ,     1.3, ,    85.6, ,    32.9, ,    85.0, ,    44.3, ,    42.7, ,    11.4, ,    49.3, ,   425.0, ,    73.8, ,    24.5, ,   203.6, ,    98.5, ,
1957,    17.8, ,    45.3, ,    15.6, ,     8.2, ,    10.4, ,    52.6, ,    64.4, ,   140.1, ,    21.8, ,    36.7, ,     3.2, , -9999.9,M, -9999.9,M,   112.4, ,    34.1, ,   257.0, ,    61.7, ,
1958, -9999.9,M,    31.6, ,    43.9, ,    22.7, ,    16.9, ,   135.7, ,    35.9, ,    27.0, ,    32.8, ,     7.3, ,     6.5, ,    13.9, , -9999.9,M, -9999.9,M,    83.5, ,   198.6, ,    46.6, ,
1959,    47.7, ,    11.1, ,     1.6, ,    51.8, ,    55.9, ,   134.4, ,    39.3, ,   118.4, ,    39.1, ,    21.7, ,    17.7, ,    14.4, ,   553.0, ,    72.8, ,   109.2, ,   292.0, ,    78.5, ,
1960,    11.1, ,     3.2, ,     5.3, ,    14.0, ,   112.1, ,   144.2, ,    20.6, ,    51.9, ,    47.8, ,    24.5, ,    13.3, , -9999.9,M, -9999.9,M,    28.6, ,   131.3, ,   216.7, ,    85.6, ,
1961,    10.6, ,    22.0, ,     8.8, , -9999.9,M,    69.5, ,    61.8, ,   144.0, , -9999.9,M, -9999.9,M, -9999.9,M,    38.4, ,    47.4, , -9999.9,M, -9999.9,M, -9999.9,M, -9999.9,M, -9999.9,M,
1962,    24.4, ,    23.8, , -9999.9,M, -9999.9,M, -9999.9,M,    48.1, ,    84.9, ,    78.7, ,    14.0, , -9999.9,M,    10.9, ,    23.2, , -9999.9,M,    95.7, , -9999.9,M,   211.6, , -9999.9,M,
1963, -9999.9,M,    25.5, ,    37.9, , -9999.9,M, -9999.9,M, -9999.9,M, -9999.9,M, -9999.9,M,    53.7, , -9999.9,M,    27.7, , -9999.9,M, -9999.9,M, -9999.9,M, -9999.9,M, -9999.9,M, -9999.9,M,
1964, -9999.9,M,     4.8, , -9999.9,M, -9999.9,M, -9999.9,M, -9999.9,M, -9999.9,M, -9999.9,M, -9999.9,M, -9999.9,M,    16.9, , -9999.9,M, -9999.9,M, -9999.9,M, -9999.9,M, -9999.9,M, -9999.9,M,
1965,    35.4, ,    68.4, ,    20.9, , -9999.9,M,    72.5, ,   102.5, ,   118.5, ,    73.5, ,    94.3, ,     6.1, ,    27.0, , -9999.9,M, -9999.9,M, -9999.9,M, -9999.9,M,   294.5, ,   127.4, ,
1966,    77.4, , -9999.9,M,    44.2, ,    43.2, , -9999.9,M,    38.5, ,   117.5, ,   151.8, ,    39.1, ,    37.0, ,    29.8, ,    24.2, , -9999.9,M, -9999.9,M, -9999.9,M,   307.9, ,   105.8, ,
1967,    32.0, , -9999.9,M, -9999.9,M,    15.4, ,    51.1, ,   105.2, ,    36.1, ,    21.9, ,    11.9, ,    17.7, , -9999.9,M,    24.8, , -9999.9,M, -9999.9,M, -9999.9,M,   163.1, , -9999.9,M,
1968,    19.0, ,     6.5, ,    19.9, ,    59.7, , -9999.9,M,    57.8, ,    89.5, ,    67.2, ,    44.9, ,    20.0, ,    19.1, ,    50.4, , -9999.9,M,    50.3, , -9999.9,M,   214.5, ,    84.1, ,
1969,    12.3, ,    27.2, ,     2.3, ,    55.1, ,    61.6, ,    93.1, ,   104.9, ,    93.1, ,    40.1, , -9999.9,M,     8.8, ,     8.2, , -9999.9,M,    90.0, ,   119.0, ,   291.1, , -9999.9,M,
1970,    15.8, ,    15.4, ,    29.8, ,    13.2, ,    34.6, ,    25.0, ,    68.0, ,    16.3, ,     6.5, ,     5.7, ,    24.3, ,     6.6, ,   261.3, ,    39.4, ,    77.6, ,   109.3, ,    36.5, ,
1971,    98.9, ,     8.8, ,    35.3, ,    31.4, ,    17.0, ,   134.0, ,   205.2, ,    15.3, ,    66.8, ,    12.1, ,     7.7, ,    18.6, ,   651.1, ,   114.3, ,    83.8, ,   354.4, ,    86.7, ,
1972,    26.5, ,    64.1, ,    21.4, ,    18.8, ,    44.9, ,   121.8, ,    85.5, ,    81.7, ,   103.7, ,    27.3, ,    17.7, ,    43.0, ,   656.2, ,   109.2, ,    85.1, ,   288.9, ,   148.7, ,
1973,    22.1, ,    38.6, ,     7.8, ,    27.8, ,    61.4, ,    83.6, ,    21.1, ,    46.5, ,    32.1, ,    26.8, ,    26.5, ,     7.7, ,   401.9, ,   103.8, ,    97.0, ,   151.2, ,    85.3, ,
1974,    70.8, ,    19.9, ,    22.0, ,    35.4, ,    55.1, ,    21.7, ,    57.1, ,    54.9, ,    33.2, ,     7.5, ,    34.2, ,     4.4, ,   416.4, ,    98.4, ,   112.6, ,   133.7, ,    74.9, ,
1975,    17.3, ,    21.1, ,    10.6, ,     5.6, ,    32.4, ,    73.6, ,    23.1, ,    29.7, ,    24.5, ,    12.2, ,    21.3, ,    61.9, ,   333.3, ,    42.8, ,    48.6, ,   126.5, ,    58.0, ,
1976,    15.4, , -9999.9,M,    19.9, ,     2.8, ,    12.6, ,    50.7, ,    35.5, ,   122.1, ,    30.2, ,    18.3, ,     8.5, ,    11.9, , -9999.9,M, -9999.9,M,    35.3, ,   208.3, ,    57.0, ,
1977,    11.2, ,     2.4, ,    27.5, ,     4.6, ,   209.4, ,    27.6, ,   133.3, ,    84.4, ,    65.6, ,    11.6, ,    11.0, ,    10.2, ,   598.8, ,    25.6, ,   241.5, ,   245.3, ,    88.2, ,
1978,    23.2, ,     1.9, ,    37.0, ,    57.2, ,    52.8, ,    96.1, ,   135.7, ,    38.1, ,    88.8, ,    24.7, ,    15.3, ,     3.5, ,   574.3, ,    35.3, ,   147.0, ,   269.8, ,   128.8, ,
1979,     0.6, ,     4.7, ,     1.7, , -9999.9,M, -9999.9,M, -9999.9,M, -9999.9,M,    42.8, , -9999.9,M, -9999.9,M, -9999.9,M, -9999.9,M, -9999.9,M,     8.8, , -9999.9,M, -9999.9,M, -9999.9,M,
1980,    14.7, , -9999.9,M, -9999.9,M,     6.8, ,    82.5, ,   228.3, ,    98.8, ,   106.2, ,    64.5, , -9999.9,M, -9999.9,M, -9999.9,M, -9999.9,M, -9999.9,M, -9999.9,M,   433.4, , -9999.9,M,
1981, -9999.9,M,    15.3, ,    17.0, ,     5.9, ,   120.0, ,    51.0, ,   109.6, ,    41.3, ,    57.6, ,    35.8, ,    29.6, ,     7.3, , -9999.9,M, -9999.9,M,   142.8, ,   201.9, ,   122.9, ,
1982,    51.7, ,    31.1, ,    43.9, ,     5.7, ,    54.8, ,    88.8, ,   222.5, ,   131.7, ,    72.5, ,    43.8, ,     3.8, ,     3.1, ,   753.6, ,    90.1, ,   104.4, ,   443.1, ,   120.1, ,
1983,    25.3, ,    12.4, ,    27.0, ,    18.1, ,    32.4, ,   138.5, ,    66.9, ,    30.8, ,    39.2, ,    67.5, ,    27.6, ,    13.4, ,   498.9, ,    40.8, ,    77.5, ,   236.2, ,   134.2, ,
1984,    50.5, ,     3.9, ,    11.2, ,    25.4, ,    43.6, ,    81.3, ,    35.4, , -9999.9,M, -9999.9,M, -9999.9,M, -9999.9,M, -9999.9,M, -9999.9,M,    67.8, ,    80.2, , -9999.9,M, -9999.9,M,
1985, -9999.9,M, -9999.9,M, -9999.9,M, -9999.9,M, -9999.9,M, -9999.9,M, -9999.9,M,    95.6, ,    52.9, ,    40.4, ,    25.7, ,    11.4, , -9999.9,M, -9999.9,M, -9999.9,M, -9999.9,M,   119.0, ,
1986,     3.9, ,    14.2, ,    21.4, ,     9.9, ,    26.6, ,    57.9, ,   123.3, ,    20.9, ,   116.1, ,    13.1, ,    31.1, ,     4.8, ,   443.3, ,    29.6, ,    57.9, ,   202.0, ,   160.4, ,
1987,    11.5, ,     6.3, ,     5.4, ,     3.2, ,    41.3, ,    36.1, ,   110.2, ,   137.2, , -9999.9,M,     8.5, ,     5.8, ,    11.7, , -9999.9,M,    22.6, ,    49.9, ,   283.4, , -9999.9,M,
1988,    13.2, ,    10.8, ,    13.6, ,     6.9, , -9999.9,M,    61.3, ,    70.1, ,    42.5, ,    48.9, , -9999.9,M,     7.5, ,    19.5, , -9999.9,M,    35.7, , -9999.9,M,   173.9, , -9999.9,M,
1989,    39.0, ,    19.2, ,    11.1, ,    34.1, ,    51.4, ,    51.1, ,    87.6, ,   139.7, ,    33.4, ,    10.5, ,    12.4, ,    12.1, ,   501.7, ,    77.6, ,    96.6, ,   278.5, ,    56.3, ,
1990,    11.7, ,    20.2, ,    11.8, ,    25.4, ,    92.0, ,    69.2, ,   123.4, ,    68.8, ,    48.8, ,    17.5, ,    44.8, ,    27.5, ,   561.1, ,    44.1, ,   129.1, ,   261.5, ,   111.0, ,
1991,     3.2, ,     7.6, ,     8.0, ,    34.8, ,    99.8, ,    87.5, ,    89.1, ,    71.1, ,    29.8, ,    84.5, ,    10.6, ,     3.7, ,   529.8, ,    38.4, ,   142.6, ,   247.7, ,   124.9, ,
1992,     7.7, ,     8.5, ,     5.9, ,    33.1, ,    65.6, ,    13.8, ,    29.5, ,    39.0, ,    56.5, ,    28.2, ,    11.0, ,    23.7, ,   322.5, ,    19.9, ,   104.5, ,    82.3, ,    95.8, ,
1993,    13.6, ,    12.0, ,    28.9, ,    17.1, ,    49.7, ,    74.2, ,    79.5, ,   106.3, ,    65.0, ,    26.0, ,    12.8, ,    28.4, ,   513.6, ,    49.4, ,    95.8, ,   260.0, ,   103.8, ,
1994,    65.9, ,    11.6, ,     9.6, ,     2.8, ,    31.6, ,   111.9, ,   112.1, ,   125.4, ,    37.3, ,    39.5, ,    35.0, ,     9.4, ,   592.1, ,   105.9, ,    44.0, ,   349.3, ,   111.8, ,
1995,     0.4, ,     8.9, ,    15.6, ,    25.7, ,    83.8, , -9999.9,M,   133.6, ,   117.7, ,    30.3, ,    17.1, ,    33.2, ,     6.2, , -9999.9,M,    18.8, ,   125.1, , -9999.9,M,    80.6, ,
1996,    34.2, ,     4.8, ,    20.9, ,    15.1, ,   112.3, ,    24.2, ,    43.9, ,    45.3, ,    50.4, ,     4.4, ,    42.7, ,    14.1, ,   412.4, ,    45.3, ,   148.3, ,   113.5, ,    97.6, ,
1997,    39.1, ,    11.3, ,    20.7, ,    26.4, ,    66.5, ,   132.4, ,   107.6, ,    52.5, ,    55.1, ,    44.3, ,     6.2, ,     0.0, ,   562.0, ,    64.4, ,   113.5, ,   292.6, ,   105.5, ,
1998,     7.5, ,     0.1, ,    57.2, ,    31.1, ,    96.6, ,   119.5, ,    52.6, ,   123.5, ,    35.8, ,    52.7, ,    20.8, ,    31.2, ,   628.8, ,     7.6, ,   185.0, ,   295.6, ,   109.4, ,
1999,    45.4, ,     0.9, ,    20.1, ,    40.7, ,    40.9, ,    64.8, ,   227.7, ,    66.1, ,    16.7, ,    19.9, ,    18.0, ,     6.2, ,   567.4, ,    77.5, ,   101.8, ,   358.6, ,    54.6, ,
2000,     8.2, ,    10.6, ,    19.5, ,    41.4, ,   106.6, ,    91.4, , -9999.9,M,   103.3, ,    42.6, ,    23.9, ,    18.9, ,     6.7, , -9999.9,M,    25.0, ,   167.5, , -9999.9,M,    85.4, ,
2001,     0.7, ,     7.8, ,    19.2, ,    35.6, ,    16.4, ,    82.8, ,   171.2, ,     8.8, ,    29.8, ,    25.6, ,    30.2, , -9999.9,M, -9999.9,M,    15.3, ,    71.2, ,   262.8, ,    85.5, ,
2002, -9999.9,M,    12.5, ,    46.1, ,    24.2, ,    80.5, ,    23.0, ,    59.8, ,    56.4, ,    62.5, ,    39.4, ,     7.4, ,     8.0, , -9999.9,M, -9999.9,M,   150.9, ,   139.1, ,   109.3, ,
2003,    20.7, ,    19.5, ,    13.4, ,    99.3, ,    41.8, ,    60.9, ,    43.8, ,    47.1, ,    13.5, , -9999.9,M,    18.6, ,    11.1, , -9999.9,M,    48.3, ,   154.5, ,   151.8, , -9999.9,M,
2004,    12.8, ,     1.7, ,    19.6, , -9999.9,M,    96.0, ,   131.7, ,   108.3, ,   104.4, ,    67.9, ,    39.8, ,     6.7, ,    27.9, , -9999.9,M,    25.7, , -9999.9,M,   344.4, ,   114.3, ,
2005,    26.0, ,    12.3, ,    25.3, , -9999.9,M,    51.6, ,   180.4, ,    64.4, ,   128.9, ,    53.6, , -9999.9,M, -9999.9,M,     8.6, , -9999.9,M,    66.3, , -9999.9,M,   373.7, , -9999.9,M,
2006,     4.3, ,    22.9, ,     6.1, ,    25.0, ,    55.7, ,    76.0, ,    78.0, ,    55.2, , -9999.9,M, -9999.9,M,    28.2, ,     5.2, , -9999.9,M,    35.8, ,    86.8, ,   209.3, , -9999.9,M,
2007,    14.0, ,    17.2, ,    21.6, ,    33.6, ,    61.7, ,    77.4, , -9999.9,M, -9999.9,M,    34.7, ,    23.2, ,    14.6, ,     7.0, , -9999.9,M,    36.4, ,   116.9, , -9999.9,M,    72.5, ,
2008,    18.9, , -9999.9,M,    12.7, ,    22.5, ,    97.4, ,    81.7, ,   119.1, ,    40.0, ,    31.6, ,     4.8, ,     5.7, ,    22.8, , -9999.9,M, -9999.9,M,   132.6, ,   240.8, ,    42.1, ,
2009,     5.7, ,    13.4, ,    11.3, ,    17.1, ,    57.6, ,    24.5, ,   138.6, ,    42.8, ,    27.5, ,    38.1, ,    18.4, ,    35.6, ,   430.6, ,    42.0, ,    86.1, ,   205.9, ,    84.0, ,
2010,    12.6, ,     1.0, ,     4.1, ,    22.9, ,    31.3, ,    70.2, , -9999.9,M,    66.7, ,   109.2, ,    18.1, ,    23.7, , -9999.9,M, -9999.9,M,    49.2, ,    58.3, , -9999.9,M,   151.1, ,
