3033880,LETHBRIDGE               ,AB  ,station joined    , Monthly total of daily adjusted precipitation, mm, Updated to December 2011
3033880,LETHBRIDGE               ,AB  ,station jointe    , Total mensuel des chutes de précipitations quotidiennes ajustées, mm, Mise à jour jusqu à décembre 2011
Year,     Jan, ,     Feb, ,     Mar, ,     Apr, ,     May, ,     Jun, ,     Jul, ,     Aug, ,     Sep, ,     Oct, ,     Nov, ,     Dec, ,  Annual, ,  Winter, ,  Spring, ,  Summer, ,  Autumn
An  ,    Janv, ,     Fév, ,    Mars, ,     Avr, ,     Mai, ,    Juin, ,    Juil, ,    Août, ,    Sept, ,     Oct, ,     Nov, ,     Déc, ,  Annuel, ,   Hiver, ,Printemp, ,     Eté, , Automne
1902,    17.2, ,    26.7, ,    12.6, ,     1.2, ,   292.1, ,   149.5, ,   155.0, ,    18.3, ,    23.5, ,     1.0, ,    11.2, ,    21.6, ,   729.9, , -9999.9,M,   305.9, ,   322.8, ,    35.7, ,
1903,    15.8, ,    20.3, ,    23.1, ,     9.0, ,    77.2, ,    31.1, ,    50.4, ,    85.5, ,    42.8, ,     4.9, ,    15.2, ,    18.2, ,   393.3, ,    57.7, ,   109.2, ,   167.0, ,    62.8, ,
1904,    13.5, ,    23.3, ,    26.5, ,    10.9, ,    75.8, ,    48.4, ,    25.7, ,    32.3, ,    14.8, ,    22.8, ,     1.1, ,     9.0, ,   304.1, ,    55.0, ,   113.2, ,   106.4, ,    38.7, ,
1905,    37.3, ,     1.4, ,    19.7, ,    14.7, ,    36.3, ,    72.1, ,    39.6, ,    51.8, ,    21.7, ,    30.4, ,    35.1, ,     6.4, ,   366.5, ,    47.7, ,    70.8, ,   163.5, ,    87.2, ,
1906,     5.8, ,     5.5, ,    14.5, ,    34.2, ,   224.3, ,    61.2, ,    22.6, ,   122.1, ,     4.6, ,    50.7, ,    25.6, ,    22.7, ,   593.7, ,    17.6, ,   272.9, ,   205.9, ,    81.0, ,
1907,    39.2, ,     8.1, ,     9.0, ,    28.2, ,    31.6, ,    96.2, ,    39.3, ,    62.0, ,    85.0, ,     1.7, ,     3.5, ,     8.2, ,   411.9, ,    69.9, ,    68.7, ,   197.5, ,    90.3, ,
1908,     7.0, ,    19.5, ,    20.8, ,    16.8, ,    70.5, ,   188.6, ,    10.3, ,    25.9, ,    15.9, ,    16.4, ,     0.1, ,     9.6, ,   401.3, ,    34.6, ,   108.1, ,   224.8, ,    32.4, ,
1909,     8.1, ,     5.3, ,    13.1, ,     8.3, ,    92.9, ,    23.5, ,    42.7, ,     2.3, ,    13.7, ,    10.7, ,    40.9, ,    24.5, ,   286.1, ,    23.0, ,   114.3, ,    68.5, ,    65.3, ,
1910,     6.6, ,    22.3, ,     4.8, ,     7.5, ,    23.1, ,    15.6, ,     3.1, ,    30.2, ,    54.8, ,    84.1, ,    11.5, ,    24.9, ,   288.5, ,    53.4, ,    35.4, ,    48.9, ,   150.4, ,
1911,    18.6, ,    13.8, ,     9.2, ,    21.7, ,    46.0, ,   127.0, ,    62.4, ,    98.8, ,   111.8, ,    15.4, ,    25.3, ,    20.4, ,   570.4, ,    57.3, ,    76.9, ,   288.3, ,   152.5, ,
1912,    18.2, ,    10.6, ,    11.9, ,     7.4, ,    19.3, ,    47.3, ,    76.7, ,    39.3, ,    71.2, ,    28.7, ,    26.3, ,     6.2, ,   363.2, ,    49.2, ,    38.6, ,   163.3, ,   126.3, ,
1913,    21.2, ,     8.0, ,    11.2, ,    13.9, ,    46.9, ,   127.4, ,    36.2, ,    53.5, ,    45.1, ,    13.2, ,    10.0, ,     0.0, ,   386.6, ,    35.4, ,    72.1, ,   217.1, ,    68.3, ,
1914,    41.1, ,    25.3, ,    53.6, ,    15.6, ,     9.0, ,    67.8, ,    25.2, ,    96.8, ,    29.6, ,    58.4, ,    14.6, ,    35.7, ,   472.6, ,    66.3, ,    78.1, ,   189.8, ,   102.6, ,
1915,    13.4, ,    25.0, ,     6.7, ,     1.8, ,    83.6, ,   133.2, ,    94.2, ,    26.9, ,    37.4, ,    26.8, ,    21.9, ,     8.7, ,   479.7, ,    74.0, ,    92.2, ,   254.3, ,    86.1, ,
1916,    28.8, ,    46.7, ,    23.9, ,    14.0, ,   103.8, ,    96.6, ,    90.0, ,    80.7, ,   127.7, ,    30.4, ,    12.2, ,    15.5, ,   670.3, ,    84.2, ,   141.7, ,   267.3, ,   170.3, ,
1917,    11.5, ,     7.7, ,     2.9, ,    41.7, ,    26.8, ,    39.2, ,    37.1, ,    54.6, ,    45.6, ,    20.4, ,     0.0, ,    34.6, ,   322.2, ,    34.8, ,    71.4, ,   130.9, ,    66.0, ,
1918,    12.8, ,    22.2, ,    19.5, ,     3.8, ,    12.5, ,    21.9, ,    23.8, ,    33.5, ,    29.3, ,     7.6, ,    11.4, ,    12.1, ,   210.4, ,    69.6, ,    35.8, ,    79.3, ,    48.3, ,
1919,     1.7, ,    25.3, ,    19.9, ,    13.4, ,    49.7, ,    16.5, ,    29.2, ,    28.9, ,    55.2, ,    48.1, ,    33.3, ,    14.5, ,   335.6, ,    39.1, ,    83.0, ,    74.6, ,   136.6, ,
1920,    22.2, ,    32.0, ,    23.5, ,    97.5, ,    45.4, ,    11.9, ,    70.2, ,     5.7, ,     1.8, ,    27.6, ,     1.6, ,    20.8, ,   360.2, ,    68.7, ,   166.4, ,    87.8, ,    31.0, ,
1921,    14.8, ,    12.5, ,    37.5, ,    32.2, ,    27.6, ,    29.1, ,    86.9, ,    13.2, ,    35.3, ,     6.6, ,    46.2, ,     5.1, ,   346.8, ,    48.0, ,    97.2, ,   129.2, ,    88.1, ,
1922,    11.3, ,    10.9, ,    21.4, ,    69.0, ,    25.1, ,    52.1, ,    62.6, ,    11.8, ,    22.2, ,    21.5, ,    12.5, ,    16.0, ,   336.4, ,    27.3, ,   115.6, ,   126.5, ,    56.1, ,
1923,    13.2, ,    11.2, ,    19.9, ,    29.5, ,    93.8, ,   120.8, ,    70.8, ,    28.0, ,     5.4, ,    15.4, ,    14.3, ,    24.1, ,   446.4, ,    40.4, ,   143.1, ,   219.6, ,    35.1, ,
1924,    17.6, ,    27.7, ,    18.8, ,    15.6, ,    33.4, ,   104.0, ,    16.3, ,    78.9, ,    39.9, ,    17.0, ,    26.9, ,    40.7, ,   436.9, ,    69.4, ,    67.9, ,   199.2, ,    83.8, ,
1925,     7.9, ,    26.4, ,    59.9, ,    53.9, ,    12.5, ,    92.6, ,    23.0, ,    50.3, ,   131.3, ,    29.7, ,     4.3, ,    16.4, ,   508.3, ,    75.0, ,   126.4, ,   165.9, ,   165.2, ,
1926,     6.3, ,    20.4, ,     3.5, ,     4.8, ,    18.0, ,   125.1, ,    31.3, ,    63.3, ,   125.6, ,     9.5, ,    14.2, ,    14.9, ,   436.9, ,    43.2, ,    26.3, ,   219.8, ,   149.3, ,
1927,     8.2, ,    36.8, ,     9.7, ,    39.1, ,   197.6, ,    44.5, ,    53.3, ,    48.0, ,    89.3, ,    16.6, ,    76.2, ,    25.4, ,   644.6, ,    59.9, ,   246.3, ,   145.8, ,   182.1, ,
1928,    24.8, ,    21.0, ,    24.7, ,    34.9, ,     3.7, ,   183.1, ,   107.9, ,    42.5, ,     7.0, ,    23.4, ,     7.4, ,     8.7, ,   489.1, ,    71.2, ,    63.3, ,   333.5, ,    37.8, ,
1929,    28.7, ,    16.7, ,    36.0, ,    68.5, ,    71.6, ,   100.3, ,    14.2, ,    16.7, ,    55.9, ,    59.0, ,    12.9, ,    44.8, ,   525.4, ,    54.2, ,   176.1, ,   131.2, ,   127.8, ,
1930,    10.0, ,     5.4, ,    20.5, ,    42.2, ,    42.4, ,    40.3, ,    50.5, ,    16.3, ,    64.6, ,    16.2, ,    24.2, ,     5.8, ,   338.3, ,    60.2, ,   105.1, ,   107.0, ,   105.0, ,
1931,     0.5, ,     6.7, ,    37.3, ,    29.8, ,    33.1, ,    43.2, ,    30.9, ,     5.7, ,    54.2, ,    17.9, ,    31.9, ,     2.7, ,   293.8, ,    13.0, ,   100.2, ,    79.7, ,   104.0, ,
1932,    21.5, ,    14.6, ,    27.6, ,    74.0, ,    81.1, ,    56.4, ,    20.8, ,    98.8, ,    27.8, ,    29.0, ,    49.5, ,    19.6, ,   520.8, ,    38.8, ,   182.7, ,   176.0, ,   106.4, ,
1933,     8.7, ,    10.0, ,    19.1, ,    65.7, ,    50.4, ,    36.3, ,    25.5, ,    71.5, ,    35.5, ,    64.4, ,    20.6, ,    60.2, ,   467.9, ,    38.3, ,   135.2, ,   133.3, ,   120.5, ,
1934,    11.7, ,     8.1, ,    61.0, ,     3.9, ,    20.4, ,   108.3, ,    12.7, ,    17.3, ,    80.4, ,    46.0, ,    29.8, ,    16.2, ,   415.7, ,    80.0, ,    85.3, ,   138.3, ,   156.2, ,
1935,    12.5, ,    19.1, ,    28.9, ,    66.8, ,    39.7, ,    10.9, ,    20.4, ,    32.7, ,     7.2, ,    45.1, ,    14.1, ,    12.6, ,   309.9, ,    47.8, ,   135.3, ,    64.0, ,    66.4, ,
1936,    31.7, ,    16.5, ,    26.3, ,    21.2, ,    55.2, ,    51.9, ,    12.0, ,    25.0, ,    38.2, ,    19.0, ,    12.6, ,    37.1, ,   346.8, ,    60.8, ,   102.7, ,    88.9, ,    69.8, ,
1937,    47.4, ,    12.0, ,    21.5, ,    12.0, ,    65.0, ,    86.4, ,    78.6, ,    24.0, ,    30.4, ,    36.6, ,    18.8, ,    10.1, ,   442.7, ,    96.5, ,    98.5, ,   189.0, ,    85.8, ,
1938,    27.2, ,    18.2, ,    37.6, ,    24.9, ,    69.2, ,    42.0, ,    29.6, ,    59.3, ,    20.0, ,    24.6, ,    67.2, ,    11.1, ,   430.9, ,    55.4, ,   131.7, ,   131.0, ,   111.7, ,
1939,     7.1, ,    22.5, ,    21.3, ,    18.5, ,    75.3, ,   138.3, ,     5.6, ,    11.2, ,    72.9, ,    18.6, ,     8.8, ,    18.4, ,   418.5, ,    40.7, ,   115.1, ,   155.1, ,   100.3, ,
1940,     7.9, ,    39.1, ,    19.9, ,    91.1, ,    33.9, ,    31.8, ,    67.2, ,     4.7, ,    49.3, ,    40.5, ,    29.5, ,    13.5, ,   428.3, ,    65.4, ,   144.9, ,   103.7, ,   119.2, ,
1941,    19.7, ,    17.1, ,    27.9, ,    32.8, ,    55.5, ,    78.3, ,    94.7, ,    32.9, ,    59.5, ,     8.1, ,    12.9, ,    15.1, ,   454.4, ,    50.3, ,   116.1, ,   205.9, ,    80.5, ,
1942,     7.8, ,    26.4, ,    20.3, ,    27.8, ,   119.3, ,   118.3, ,   122.8, ,    35.2, ,    31.8, ,    11.0, ,    44.0, ,     8.6, ,   573.2, ,    49.2, ,   167.4, ,   276.3, ,    86.8, ,
1943,    29.0, ,    18.5, ,    31.6, ,    22.7, ,    34.9, ,    35.1, ,    41.0, ,    33.2, ,    19.7, ,    35.9, ,    16.9, ,     2.1, ,   320.5, ,    56.1, ,    89.2, ,   109.3, ,    72.4, ,
1944,     4.4, ,    33.1, ,    36.5, ,    24.0, ,    41.2, ,    49.3, ,    82.2, ,    49.7, ,    30.3, ,     0.8, ,    56.7, ,    17.2, ,   425.5, ,    39.7, ,   101.7, ,   181.2, ,    87.8, ,
1945,    20.4, ,    39.7, ,    31.1, ,    45.3, ,    95.3, ,   100.2, ,    25.4, ,    30.2, ,    83.3, ,    22.3, ,    30.9, ,    49.5, ,   573.7, ,    77.3, ,   171.7, ,   155.8, ,   136.5, ,
1946,    18.7, ,    14.1, ,     7.7, ,    17.0, ,    56.8, ,   106.7, ,    29.7, ,    37.6, ,    55.6, ,   133.5, ,    77.1, ,    35.4, ,   589.7, ,    82.3, ,    81.5, ,   174.0, ,   266.1, ,
1947,    22.8, ,    36.3, ,    49.7, ,    43.6, ,    26.2, ,   156.3, ,     8.3, ,   111.1, ,   100.2, ,    27.0, ,    40.6, ,    15.8, ,   637.7, ,    94.4, ,   119.4, ,   275.7, ,   167.7, ,
1948,    24.1, ,    41.8, ,    44.0, ,    26.9, ,    93.9, ,   153.4, ,    58.0, ,     4.4, ,     0.6, ,     7.2, ,    23.4, ,    12.6, ,   490.2, ,    81.7, ,   164.9, ,   215.8, ,    31.1, ,
1949,    56.8, ,    26.3, ,    35.8, ,    12.4, ,   139.8, ,    44.6, ,    27.6, ,    18.4, ,    20.6, ,    74.1, ,     7.2, ,    38.0, ,   501.6, ,    95.6, ,   188.0, ,    90.6, ,   101.9, ,
1950,    33.1, ,    10.8, ,    38.2, ,    22.0, ,    34.8, ,    38.6, ,    47.7, ,    22.3, ,    14.3, ,    30.3, ,    37.1, ,    26.3, ,   355.7, ,    82.0, ,    95.1, ,   108.6, ,    81.8, ,
1951,    35.1, ,    29.6, ,    34.0, ,    83.8, ,    51.2, ,   186.2, ,    26.2, ,   124.1, ,    54.9, ,    64.0, ,     5.9, ,    56.4, ,   751.5, ,    91.0, ,   169.1, ,   336.6, ,   124.8, ,
1952,    17.9, ,    19.4, ,    36.2, ,    10.0, ,    40.7, ,    58.2, ,    54.5, ,    70.5, ,    13.1, ,     6.5, ,    20.9, ,     1.9, ,   349.6, ,    93.6, ,    86.9, ,   183.1, ,    40.5, ,
1953,    29.0, ,    55.1, ,    42.4, ,    76.8, ,    18.9, ,   166.9, ,    20.9, ,     8.4, ,    20.2, ,     2.3, ,     2.6, ,    26.1, ,   469.5, ,    86.0, ,   138.1, ,   196.2, ,    25.1, ,
1954,    65.8, ,    14.4, ,    37.5, ,    42.4, ,    19.2, ,    48.8, ,    29.6, ,   103.3, ,    91.9, ,     4.4, ,     9.0, ,     6.2, ,   472.6, ,   106.3, ,    99.2, ,   181.7, ,   105.3, ,
1955,    14.5, ,    58.5, ,    28.4, ,    54.5, ,   144.7, ,    43.2, ,   129.8, ,     4.5, ,    27.8, ,    25.5, ,    22.4, ,    23.1, ,   577.0, ,    79.3, ,   227.6, ,   177.6, ,    75.7, ,
1956,    24.2, ,    22.0, ,    29.1, ,    29.7, ,    42.1, ,    88.6, ,    75.5, ,    97.3, ,    29.8, ,    21.0, ,     9.5, ,    25.5, ,   494.2, ,    69.3, ,   100.9, ,   261.3, ,    60.3, ,
1957,    38.7, ,    20.3, ,    15.7, ,    47.1, ,    25.0, ,   107.0, ,    10.2, ,    19.7, ,    40.7, ,    77.3, ,    43.1, ,     6.3, ,   451.0, ,    84.5, ,    87.8, ,   136.8, ,   161.1, ,
1958,     8.5, ,    56.2, ,    28.2, ,    31.7, ,    40.4, ,    93.8, ,    82.5, ,    44.1, ,    22.2, ,     5.9, ,    59.8, ,    26.4, ,   499.7, ,    71.0, ,   100.3, ,   220.5, ,    87.8, ,
1959,    29.3, ,    18.0, ,    15.5, ,    45.4, ,    69.1, ,   106.0, ,    17.8, ,    79.2, ,    23.9, ,    30.0, ,    36.5, ,    33.5, ,   504.0, ,    73.7, ,   129.9, ,   202.9, ,    90.4, ,
1960,    20.2, ,    24.8, ,     7.7, ,    42.9, ,    55.7, ,    50.8, ,     7.2, ,    58.1, ,     3.8, ,    20.8, ,     9.1, ,    24.1, ,   325.3, ,    78.5, ,   106.4, ,   116.1, ,    33.6, ,
1961,    11.3, ,    14.8, ,    29.8, ,    33.1, ,    53.8, ,    35.9, ,    82.2, ,    23.1, ,    74.0, ,    46.8, ,    15.0, ,    15.7, ,   435.3, ,    50.2, ,   116.7, ,   141.1, ,   135.7, ,
1962,    22.5, ,    26.1, ,    25.8, ,    10.3, ,    43.4, ,    49.5, ,    53.7, ,    15.2, ,    42.0, ,     6.7, ,    12.1, ,    11.9, ,   319.1, ,    64.2, ,    79.4, ,   118.5, ,    60.7, ,
1963,    38.6, ,     9.8, ,     7.1, ,    16.2, ,    12.3, ,   175.1, ,    64.3, ,    55.8, ,    22.6, ,     1.2, ,    15.4, ,    42.3, ,   460.7, ,    60.3, ,    35.6, ,   295.2, ,    39.3, ,
1964,    26.1, ,    13.0, ,    34.2, ,    78.3, ,   101.2, ,    78.3, ,    19.0, ,    10.3, ,    58.8, ,     2.9, ,    40.4, ,    66.8, ,   529.4, ,    81.4, ,   213.7, ,   107.6, ,   102.2, ,
1965,    30.3, ,    36.3, ,    30.2, ,    36.6, ,    52.8, ,   173.9, ,    72.5, ,    51.8, ,    86.6, ,     1.6, ,    56.3, ,    18.5, ,   647.3, ,   133.4, ,   119.6, ,   298.1, ,   144.5, ,
1966,    29.2, ,    18.4, ,    25.3, ,    50.9, ,    47.5, ,   161.7, ,   104.9, ,    70.6, ,    15.4, ,    38.7, ,    54.2, ,    19.2, ,   635.8, ,    66.0, ,   123.6, ,   337.1, ,   108.3, ,
1967,    22.7, ,    27.8, ,    86.6, ,   171.9, ,    69.7, ,    78.5, ,    10.5, ,    23.8, ,    15.9, ,    13.7, ,    20.2, ,    65.1, ,   606.4, ,    69.7, ,   328.2, ,   112.8, ,    49.8, ,
1968,    29.8, ,     5.3, ,    13.7, ,    71.0, ,    49.5, ,    78.4, ,    33.8, ,    61.5, ,   136.5, ,    20.5, ,     4.9, ,    66.0, ,   570.9, ,   100.2, ,   134.2, ,   173.7, ,   161.8, ,
1969,    55.1, ,    25.9, ,    23.2, ,    11.4, ,    44.5, ,   140.7, ,    43.5, ,     4.3, ,    17.1, ,    18.3, ,     4.3, ,     8.3, ,   396.5, ,   147.0, ,    79.1, ,   188.5, ,    39.7, ,
1970,    35.3, ,    19.6, ,    37.5, ,    37.3, ,    27.5, ,   101.7, ,    10.1, ,    16.9, ,    43.2, ,    14.1, ,    35.4, ,    18.6, ,   397.2, ,    63.2, ,   102.3, ,   128.7, ,    92.7, ,
1971,    70.4, ,    41.8, ,    26.8, ,    28.2, ,    53.1, ,    80.5, ,    29.9, ,    27.2, ,    29.6, ,    27.7, ,    12.7, ,    36.6, ,   464.6, ,   130.7, ,   108.2, ,   137.7, ,    70.0, ,
1972,    57.8, ,    22.2, ,    72.4, ,    30.0, ,    47.8, ,    45.4, ,    69.8, ,    10.0, ,    47.4, ,    25.1, ,     2.6, ,    37.8, ,   468.4, ,   116.6, ,   150.3, ,   125.2, ,    75.2, ,
1973,     9.0, ,    22.8, ,     9.2, ,    34.4, ,    29.9, ,    54.6, ,    37.3, ,    24.1, ,    47.5, ,     8.5, ,    43.5, ,    23.9, ,   344.6, ,    69.6, ,    73.6, ,   116.0, ,    99.4, ,
1974,    45.5, ,    12.1, ,    32.9, ,   101.9, ,    53.3, ,    21.8, ,    27.6, ,    64.9, ,    19.7, ,     4.5, ,     5.8, ,    25.3, ,   415.2, ,    81.5, ,   188.0, ,   114.3, ,    30.0, ,
1975,    16.5, ,    30.8, ,    52.0, ,    71.2, ,   103.7, ,   102.9, ,    75.4, ,    21.4, ,    39.2, ,    31.4, ,    23.4, ,    23.5, ,   591.4, ,    72.7, ,   226.9, ,   199.7, ,    94.0, ,
1976,    15.6, ,     9.4, ,    13.7, ,    32.3, ,    42.6, ,    79.8, ,    51.4, ,    68.9, ,    14.7, ,    14.3, ,    18.2, ,    11.8, ,   372.8, ,    48.4, ,    88.6, ,   200.2, ,    47.2, ,
1977,    38.1, ,     3.1, ,    43.9, ,    13.3, ,    33.1, ,    45.9, ,    17.3, ,   102.9, ,    40.0, ,     3.9, ,    11.9, ,    43.3, ,   396.6, ,    53.0, ,    90.3, ,   166.1, ,    55.8, ,
1978,    49.0, ,    21.7, ,    23.3, ,   115.2, ,   119.0, ,    19.8, ,   125.4, ,   145.8, ,   115.4, ,    13.6, ,    29.4, ,    29.5, ,   806.9, ,   113.9, ,   257.5, ,   291.0, ,   158.3, ,
1979,    16.6, ,    11.5, ,    15.4, ,    42.1, ,    50.8, ,    17.4, ,    14.7, ,    81.3, ,     9.8, ,    28.2, ,    10.5, ,     9.8, ,   308.1, ,    57.6, ,   108.4, ,   113.4, ,    48.5, ,
1980,    23.5, ,    25.0, ,    28.7, ,    39.3, ,   136.1, ,    40.7, ,    30.0, ,    57.9, ,    35.7, ,    33.5, ,    13.2, ,    34.7, ,   498.2, ,    58.2, ,   204.1, ,   128.6, ,    82.4, ,
1981,    22.7, ,     9.7, ,    39.9, ,    10.4, ,   135.7, ,   113.0, ,    53.3, ,    27.8, ,    12.8, ,    16.8, ,    10.5, ,     9.7, ,   462.3, ,    67.1, ,   186.0, ,   194.1, ,    40.1, ,
1982,    44.4, ,    14.7, ,    53.0, ,    12.9, ,    30.9, ,    62.4, ,    90.6, ,    25.5, ,    60.6, ,     6.9, ,    17.7, ,    14.3, ,   433.8, ,    68.8, ,    96.7, ,   178.4, ,    85.2, ,
1983,    16.9, ,     7.4, ,    30.5, ,    33.6, ,    49.3, ,    29.9, ,    83.9, ,    43.6, ,    19.1, ,     5.4, ,    14.9, ,    21.5, ,   355.9, ,    38.7, ,   113.3, ,   157.4, ,    39.3, ,
1984,    22.3, ,     2.9, ,    25.7, ,    40.1, ,    26.9, ,    53.9, ,    21.5, ,    24.7, ,    97.3, ,    33.5, ,     7.1, ,    16.6, ,   372.3, ,    46.7, ,    92.7, ,   100.0, ,   137.9, ,
1985,     8.8, ,    16.5, ,    22.2, ,    43.2, ,    33.8, ,     5.3, ,     8.3, ,    92.0, ,   123.6, ,    26.5, ,    38.4, ,    14.3, ,   432.9, ,    41.9, ,    99.2, ,   105.6, ,   188.5, ,
1986,     6.7, ,    23.3, ,    23.9, ,    17.8, ,    73.1, ,    42.5, ,    16.1, ,    15.2, ,   103.1, ,    40.1, ,    39.2, ,     5.4, ,   406.4, ,    44.3, ,   114.7, ,    73.8, ,   182.4, ,
1987,    10.6, ,    15.6, ,    43.0, ,    21.4, ,    21.8, ,    67.0, ,   107.4, ,    58.7, ,    36.8, ,    10.4, ,     4.3, ,    17.7, ,   414.6, ,    31.6, ,    86.2, ,   233.1, ,    51.5, ,
1988,    10.5, ,    15.0, ,    22.5, ,     1.5, ,    19.6, ,    48.8, ,    15.2, ,    54.0, ,    33.3, ,    12.5, ,     8.7, ,    26.1, ,   267.5, ,    43.1, ,    43.6, ,   117.9, ,    54.4, ,
1989,    44.7, ,    24.8, ,    55.9, ,    31.5, ,    46.6, ,    81.7, ,    49.1, ,    96.5, ,    35.8, ,    22.0, ,    29.4, ,    36.7, ,   554.7, ,    95.6, ,   134.0, ,   227.3, ,    87.3, ,
1990,    17.3, ,    17.2, ,    31.8, ,    41.1, ,    68.5, ,    44.2, ,    44.6, ,    18.2, ,     6.0, ,    15.1, ,    32.6, ,    34.1, ,   370.8, ,    71.2, ,   141.4, ,   107.1, ,    53.6, ,
1991,    19.9, ,    21.0, ,    26.1, ,    21.9, ,    60.8, ,   124.4, ,    22.1, ,    58.9, ,    26.6, ,    29.9, ,    25.3, ,     2.9, ,   439.6, ,    75.0, ,   108.8, ,   205.3, ,    81.8, ,
1992,    12.7, ,     6.0, ,     7.3, ,    15.4, ,    12.3, ,   110.3, ,   120.2, ,    47.7, ,    28.8, ,    35.4, ,    34.7, ,    24.9, ,   455.7, ,    21.6, ,    35.0, ,   278.2, ,    98.9, ,
1993,    11.6, ,    18.2, ,    29.1, ,    37.3, ,    47.9, ,   136.6, ,   147.0, ,   132.7, ,    79.6, ,    20.8, ,    17.7, ,    13.8, ,   692.3, ,    54.7, ,   114.3, ,   416.4, ,   118.1, ,
1994,    24.4, ,    27.3, ,     2.4, ,    19.4, ,    79.5, ,    77.5, ,    31.0, ,    12.3, ,     9.5, ,    72.8, ,    47.4, ,    17.0, ,   420.4, ,    65.6, ,   101.2, ,   120.9, ,   129.6, ,
1995,     7.7, ,     5.6, ,    12.5, ,    48.0, ,   110.4, ,   106.3, ,    63.0, ,    39.3, ,    28.9, ,    40.6, ,    19.3, ,    22.8, ,   504.5, ,    30.4, ,   170.9, ,   208.6, ,    88.9, ,
1996,    35.4, ,     9.5, ,    41.5, ,    25.6, ,    42.5, ,    62.4, ,    13.4, ,     3.1, ,    73.7, ,     7.4, ,    45.2, ,    20.9, ,   380.8, ,    67.7, ,   109.6, ,    79.0, ,   126.4, ,
1997,    16.6, ,     9.7, ,    26.1, ,    31.6, ,    69.5, ,    92.7, ,    23.1, ,    29.8, ,     7.9, ,     8.0, ,     9.7, ,    10.3, ,   334.9, ,    47.1, ,   127.1, ,   145.6, ,    25.6, ,
1998,    14.6, ,     0.2, ,    21.2, ,    38.2, ,    57.4, ,   132.8, ,    39.0, ,    26.0, ,    20.3, ,    12.5, ,    17.3, ,    29.1, ,   408.7, ,    25.2, ,   116.8, ,   197.8, ,    50.1, ,
1999,    11.6, ,     1.8, ,    11.6, ,    26.7, ,    38.0, ,    64.4, ,    76.6, ,    40.8, ,    18.3, ,    20.1, ,     6.9, ,     2.5, ,   319.3, ,    42.5, ,    76.3, ,   181.8, ,    45.3, ,
2000,     9.3, ,    10.3, ,    26.7, ,    32.3, ,    15.2, ,    31.4, ,    11.5, ,    15.1, ,    46.2, ,     6.6, ,     4.8, ,    10.7, ,   220.0, ,    22.2, ,    74.2, ,    57.9, ,    57.6, ,
2001,     6.3, ,    34.7, ,    29.9, ,    49.4, ,    13.7, ,    55.5, ,    12.7, ,     0.0, ,     7.4, ,     7.6, ,    15.2, ,     4.3, ,   236.7, ,    51.7, ,    93.0, ,    68.2, ,    30.2, ,
2002,     8.4, ,    35.9, ,    41.1, ,    42.5, ,    59.7, ,   258.0, ,    35.9, ,    45.1, ,    58.9, ,    15.1, ,    12.5, ,    13.0, ,   626.0, ,    48.6, ,   143.3, ,   339.0, ,    86.5, ,
2003,     7.5, ,    15.3, ,    21.1, ,    44.5, ,    72.1, ,    36.8, ,     5.9, ,     6.2, ,    25.4, ,    22.3, ,    34.7, ,     3.7, ,   295.5, ,    35.8, ,   137.7, ,    48.8, ,    82.5, ,
2004,    25.6, ,     2.5, ,    12.2, ,    21.8, ,    91.4, ,    70.6, ,    68.8, ,    39.5, ,    24.4, ,    42.2, ,    11.8, ,    10.2, ,   421.0, ,    31.8, ,   125.4, ,   178.9, ,    78.4, ,
2005,     7.9, ,     4.8, ,    28.7, ,    25.7, ,    11.1, ,   280.2, ,    12.8, ,    83.5, ,   129.7, ,    21.9, ,    13.1, , -9999.9,M, -9999.9,M,    22.8, ,    65.5, ,   376.4, ,   164.6, ,
2006,    23.7, ,    16.5, ,    28.4, ,    54.3, ,    54.9, ,   104.0, ,     2.2, ,    14.2, ,    25.5, ,    24.1, ,     5.4, ,     4.6, ,   357.8, , -9999.9,M,   137.5, ,   120.3, ,    55.1, ,
2007,     7.2, ,    19.1, ,     5.4, ,    52.2, ,    88.2, ,    21.1, ,     1.3, ,    19.1, , -9999.9,M, -9999.9,M, -9999.9,M, -9999.9,M, -9999.9,M,    30.9, ,   145.8, ,    41.6, , -9999.9,M,
2008, -9999.9,M, -9999.9,M, -9999.9,M, -9999.9,M, -9999.9,M, -9999.9,M, -9999.9,M, -9999.9,M, -9999.9,M, -9999.9,M, -9999.9,M, -9999.9,M, -9999.9,M, -9999.9,M, -9999.9,M, -9999.9,M, -9999.9,M,
2009, -9999.9,M, -9999.9,M, -9999.9,M, -9999.9,M, -9999.9,M, -9999.9,M, -9999.9,M, -9999.9,M, -9999.9,M, -9999.9,M, -9999.9,M, -9999.9,M, -9999.9,M, -9999.9,M, -9999.9,M, -9999.9,M, -9999.9,M,
2010, -9999.9,M, -9999.9,M, -9999.9,M, -9999.9,M, -9999.9,M, -9999.9,M, -9999.9,M, -9999.9,M, -9999.9,M, -9999.9,M, -9999.9,M, -9999.9,M, -9999.9,M, -9999.9,M, -9999.9,M, -9999.9,M, -9999.9,M,
2011, -9999.9,M, -9999.9,M, -9999.9,M, -9999.9,M, -9999.9,M, -9999.9,M, -9999.9,M, -9999.9,M, -9999.9,M, -9999.9,M, -9999.9,M, -9999.9,M, -9999.9,M, -9999.9,M, -9999.9,M, -9999.9,M, -9999.9,M,
