50220M0,NINETTE                  ,MB  ,station joined    , Monthly total of daily adjusted precipitation, mm, Updated to December 2011
50220M0,NINETTE                  ,MB  ,station jointe    , Total mensuel des chutes de précipitations quotidiennes ajustées, mm, Mise à jour jusqu à décembre 2011
Year,     Jan, ,     Feb, ,     Mar, ,     Apr, ,     May, ,     Jun, ,     Jul, ,     Aug, ,     Sep, ,     Oct, ,     Nov, ,     Dec, ,  Annual, ,  Winter, ,  Spring, ,  Summer, ,  Autumn
An  ,    Janv, ,     Fév, ,    Mars, ,     Avr, ,     Mai, ,    Juin, ,    Juil, ,    Août, ,    Sept, ,     Oct, ,     Nov, ,     Déc, ,  Annuel, ,   Hiver, ,Printemp, ,     Eté, , Automne
1916,   104.9, ,    11.5, ,   114.7, ,    25.8, ,    48.5, ,   112.3, , -9999.9,M,    43.5, ,    19.3, ,    58.9, , -9999.9,M,    49.1, , -9999.9,M, -9999.9,M,   188.9, , -9999.9,M, -9999.9,M,
1917,    35.9, ,    23.1, ,     1.7, ,    49.2, ,     0.5, ,    44.9, ,    53.1, ,    55.5, ,    20.3, ,    37.5, ,     4.3, ,    14.7, ,   340.7, ,   108.1, ,    51.5, ,   153.6, ,    62.0, ,
1918,    21.3, ,    11.6, ,    12.8, ,    36.0, ,    47.1, ,    47.7, ,    64.3, ,   119.8, ,    19.3, ,    20.6, ,    50.9, ,    19.6, ,   471.1, ,    47.6, ,    95.9, ,   231.8, ,    90.8, ,
1919,    14.7, ,    22.2, ,    27.2, ,    45.6, ,    58.2, ,    58.9, , -9999.9,M,    68.6, ,    47.2, ,    58.3, ,    45.9, ,    10.6, , -9999.9,M,    56.5, ,   131.0, , -9999.9,M,   151.4, ,
1920,    36.0, ,    42.5, ,    21.3, ,    17.8, ,    32.8, ,    83.3, ,    25.9, ,    46.7, ,     6.1, ,    11.8, ,    79.4, ,    18.5, ,   422.1, ,    89.1, ,    71.9, ,   155.9, ,    97.3, ,
1921,    16.1, ,    40.8, ,    29.9, ,    25.6, ,    53.8, ,    61.1, ,     6.7, ,    51.4, ,   100.0, ,    16.1, , -9999.9,M,    16.4, , -9999.9,M,    75.4, ,   109.4, ,   119.2, , -9999.9,M,
1922,    11.1, ,    29.8, ,    52.7, ,    17.0, ,   115.7, ,    56.3, ,    59.6, ,    47.1, ,    66.0, ,    13.2, ,    82.5, ,    80.7, ,   631.7, ,    57.3, ,   185.4, ,   163.0, ,   161.7, ,
1923,    25.0, ,    46.3, ,    45.9, ,    33.8, ,    41.5, ,   104.2, , -9999.9,M,    74.7, ,    15.6, ,     8.6, ,    12.0, ,    18.1, , -9999.9,M,   152.1, ,   121.3, , -9999.9,M,    36.2, ,
1924,    32.9, ,    17.4, ,    20.8, ,   136.9, ,    10.7, ,    50.3, ,    82.9, ,    20.0, ,    67.9, ,    82.7, ,    38.7, ,    21.0, ,   582.2, ,    68.4, ,   168.3, ,   153.3, ,   189.3, ,
1925,    17.5, ,     7.0, ,    28.9, ,    47.0, ,    59.8, ,   109.3, ,    52.2, ,    33.5, ,    78.2, ,    44.3, ,     8.2, ,    12.5, ,   498.3, ,    45.5, ,   135.7, ,   195.0, ,   130.7, ,
1926,    19.6, , -9999.9,M,    41.5, ,    12.1, ,    28.7, ,   115.1, ,    57.2, ,    57.2, ,    82.0, ,    19.2, ,    55.2, ,    37.6, , -9999.9,M, -9999.9,M,    82.3, ,   229.5, ,   156.5, ,
1927,    19.6, ,    14.6, ,    28.6, ,    54.0, ,   213.3, ,   121.5, ,    87.3, ,   138.2, ,    15.1, ,    59.2, ,    43.8, ,     6.6, ,   801.7, ,    71.8, ,   295.9, ,   346.9, ,   118.0, ,
1928,    11.8, , -9999.9,M,    50.7, ,    12.5, ,    37.4, ,   142.2, ,    59.8, ,    61.9, ,     5.3, , -9999.9,M,     8.1, ,    27.9, , -9999.9,M, -9999.9,M,   100.6, ,   263.8, , -9999.9,M,
1929,    42.6, ,    11.0, ,    20.8, ,    71.2, ,    37.6, ,    29.4, ,    59.6, ,    22.2, ,    63.9, ,    39.1, , -9999.9,M,    44.1, , -9999.9,M,    81.4, ,   129.6, ,   111.2, , -9999.9,M,
1930,     1.0, ,    72.1, ,     3.2, ,    36.0, ,    95.2, ,    74.1, ,    56.3, , -9999.9,M,    14.7, ,    54.1, ,    15.0, ,     9.8, , -9999.9,M,   117.3, ,   134.5, , -9999.9,M,    83.8, ,
1931,    11.5, ,     6.5, ,    34.5, ,     7.2, ,    25.5, ,    76.0, , -9999.9,M,    87.7, ,    87.9, ,    33.6, ,     9.9, ,     6.6, , -9999.9,M,    27.8, ,    67.2, , -9999.9,M,   131.5, ,
1932,    39.4, ,     8.1, ,    29.4, ,    27.7, ,    29.6, ,   134.6, ,    87.8, ,    90.8, ,     1.8, ,   110.7, ,    32.6, ,    13.2, ,   605.7, ,    54.1, ,    86.7, ,   313.2, ,   145.1, ,
1933,    27.9, ,     6.6, ,     6.6, ,    89.3, ,   112.1, ,    19.8, ,    39.3, ,    40.7, ,    72.5, ,    37.1, ,    33.7, ,    61.0, ,   546.6, ,    47.6, ,   208.0, ,    99.8, ,   143.3, ,
1934,    19.6, ,     1.8, ,    16.1, ,    16.8, ,    24.4, ,    77.7, ,    27.9, ,    92.5, ,    44.8, ,     7.6, ,    27.8, ,    31.1, ,   388.1, ,    82.4, ,    57.2, ,   198.2, ,    80.2, ,
1935,    49.2, ,     4.3, ,    47.0, ,    37.4, ,    51.2, ,   193.0, ,   135.0, ,    87.0, ,    34.3, ,    15.7, ,    36.1, ,    24.8, ,   715.1, ,    84.5, ,   135.6, ,   415.1, ,    86.1, ,
1936,    29.6, ,    32.8, ,    31.9, ,     9.0, ,    18.3, ,    71.3, ,    11.9, ,    28.8, ,    47.8, ,     6.0, ,    11.8, ,    33.8, ,   332.9, ,    87.1, ,    59.1, ,   112.0, ,    65.6, ,
1937,    11.5, ,    47.6, ,    10.7, ,    74.8, ,    58.2, ,   124.8, ,    43.4, ,    90.9, ,    39.0, ,    50.1, ,    36.4, ,    32.8, ,   620.1, ,    92.9, ,   143.7, ,   259.0, ,   125.5, ,
1938,    16.4, ,    77.0, ,    16.8, ,    36.3, ,    34.2, ,    23.8, ,    42.7, ,    63.0, , -9999.9,M,    23.0, ,    10.6, ,    60.6, , -9999.9,M,   126.2, ,    87.2, ,   129.4, , -9999.9,M,
1939,    15.5, ,    45.9, ,     1.0, ,    28.0, ,    78.3, ,    87.4, ,    43.6, ,    73.2, ,    39.2, ,    14.4, ,     2.8, ,     6.7, ,   435.9, ,   122.0, ,   107.3, ,   204.1, ,    56.4, ,
1940,    14.7, ,    53.5, ,    34.3, ,    81.5, ,    55.2, ,    80.9, ,   153.4, ,   148.6, ,    38.4, ,    25.3, ,    35.2, ,    17.9, ,   739.0, ,    74.9, ,   171.0, ,   382.8, ,    98.9, ,
1941,    52.1, ,    16.3, ,    21.4, ,    47.8, ,    97.6, ,    72.5, ,    56.2, ,    63.8, ,   160.9, ,    32.8, ,    32.4, ,     8.5, ,   662.2, ,    86.3, ,   166.8, ,   192.4, ,   226.0, ,
1942,    17.5, ,    23.0, ,   127.8, ,    48.7, ,    73.5, ,    73.1, ,   111.6, ,    55.7, ,    39.6, ,    11.9, ,    25.4, ,    52.5, ,   660.3, ,    49.1, ,   250.1, ,   240.4, ,    76.8, ,
1943,    65.8, ,    16.5, ,    62.3, ,    19.1, ,    74.0, ,   119.8, ,   109.0, ,    45.2, ,    30.6, ,     5.5, ,    13.2, ,     4.5, ,   565.6, ,   134.8, ,   155.4, ,   274.0, ,    49.3, ,
1944,    18.2, ,    36.1, ,    71.5, ,    12.4, ,   106.5, ,   239.8, ,    39.8, ,    91.1, , -9999.9,M, -9999.9,M, -9999.9,M, -9999.9,M, -9999.9,M,    58.9, ,   190.4, ,   370.8, , -9999.9,M,
1945, -9999.9,M,     1.7, ,    54.1, ,    51.4, ,    31.9, ,    83.8, ,    44.1, ,    73.4, ,    23.3, ,    20.7, ,    25.6, ,    33.8, , -9999.9,M, -9999.9,M,   137.3, ,   201.3, ,    69.5, ,
1946,    21.7, ,    14.7, ,    22.8, ,     7.9, ,    57.3, ,    62.5, ,   115.7, ,    48.6, ,    33.3, ,    32.6, , -9999.9,M, -9999.9,M, -9999.9,M,    70.2, ,    88.0, ,   226.8, , -9999.9,M,
1947, -9999.9,M, -9999.9,M, -9999.9,M,    28.0, ,    16.9, ,   145.8, , -9999.9,M,    89.7, ,    22.4, ,    17.0, , -9999.9,M, -9999.9,M, -9999.9,M, -9999.9,M, -9999.9,M, -9999.9,M, -9999.9,M,
1948, -9999.9,M, -9999.9,M, -9999.9,M,    59.9, ,    47.5, ,    78.2, ,   118.6, ,    74.8, ,     0.0, ,    21.8, ,    41.3, ,   104.9, , -9999.9,M, -9999.9,M, -9999.9,M,   271.6, ,    63.1, ,
1949,    25.9, ,    27.6, ,    37.5, ,    14.2, ,    74.0, ,    40.1, ,    76.8, ,    17.6, ,    21.7, ,    69.7, ,    44.8, ,    39.5, ,   489.5, ,   158.4, ,   125.7, ,   134.5, ,   136.2, ,
1950,    54.7, ,    10.0, ,    16.2, ,    31.1, ,    99.9, ,   139.2, ,   109.0, ,    27.4, ,    46.4, ,    22.7, ,    48.5, ,    28.9, ,   634.2, ,   104.2, ,   147.3, ,   275.7, ,   117.6, ,
1951,    13.9, ,    24.0, ,    25.3, ,    40.0, ,     9.9, ,    61.4, ,    41.6, ,   103.2, ,    62.4, ,    37.2, ,    30.0, ,     9.1, ,   458.1, ,    66.8, ,    75.2, ,   206.2, ,   129.7, ,
1952,    21.5, ,     4.0, ,    12.5, ,     0.0, ,    20.1, ,   118.9, ,    96.1, ,    67.8, ,    14.6, ,     3.1, ,    14.4, ,    10.8, ,   383.9, ,    34.7, ,    32.7, ,   282.8, ,    32.1, ,
1953,    24.7, ,    21.9, ,    44.4, ,    24.3, ,   111.3, ,   157.2, ,    89.5, ,    59.4, ,    35.7, ,    19.8, ,     2.7, ,    13.5, ,   604.3, ,    57.4, ,   179.9, ,   306.1, ,    58.2, ,
1954,    43.8, ,    21.9, ,    17.5, ,    80.3, ,    66.2, ,   200.2, ,    41.5, ,   104.5, ,   131.4, ,    26.3, ,    10.4, ,    11.5, ,   755.6, ,    79.3, ,   164.0, ,   346.1, ,   168.2, ,
1955,    50.4, ,    23.1, ,    71.5, ,    37.4, ,    78.4, ,   150.5, ,    74.1, ,    59.3, ,    60.2, ,    27.7, ,    69.8, ,    19.9, ,   722.2, ,    85.0, ,   187.3, ,   283.9, ,   157.7, ,
1956,    60.4, ,    30.6, ,    97.5, ,    16.1, ,    49.0, ,   147.3, ,    61.6, ,    59.0, ,     8.6, ,     9.5, ,    51.9, ,    55.8, ,   647.3, ,   110.9, ,   162.7, ,   267.9, ,    70.0, ,
1957,     7.5, ,    15.1, ,    27.7, ,    27.2, ,    60.2, ,    89.9, ,    55.3, ,   233.3, ,    35.5, ,    30.3, ,    14.1, ,    17.0, ,   613.2, ,    78.4, ,   115.1, ,   378.6, ,    79.8, ,
1958,    28.1, ,    23.1, ,    40.7, ,    12.6, ,     8.8, ,    28.4, ,    71.0, ,    46.5, ,    33.9, ,    28.1, ,    87.7, ,    17.2, ,   426.0, ,    68.2, ,    62.1, ,   145.9, ,   149.7, ,
1959,     4.8, ,    15.1, , -9999.9,M,    21.4, ,   104.0, ,    49.4, ,    34.6, ,    75.4, ,    89.5, ,   154.0, ,    38.4, ,    18.0, , -9999.9,M,    37.0, , -9999.9,M,   159.5, ,   281.9, ,
1960,    29.5, ,    10.6, ,    31.6, ,    46.3, ,    73.1, ,    51.6, ,    22.1, ,    80.7, ,    21.2, ,    21.3, ,    24.9, ,    67.9, ,   480.9, ,    58.1, ,   151.0, ,   154.4, ,    67.5, ,
1961,    22.4, ,    76.2, ,     7.0, ,    52.8, ,    25.0, ,    17.2, ,    42.8, ,     2.8, ,    90.3, ,     4.8, ,     9.7, ,    38.0, ,   389.1, ,   166.5, ,    84.8, ,    62.8, ,   104.9, ,
1962,    51.3, ,    60.7, ,    40.7, ,    16.5, ,   166.8, ,    73.9, ,    52.6, ,   142.6, ,    12.4, ,    35.2, ,    21.6, ,    28.0, ,   702.2, ,   150.0, ,   224.0, ,   269.2, ,    69.2, ,
1963,     9.9, ,    35.5, ,    10.2, ,    48.8, ,    60.2, ,    93.1, ,    81.0, ,    52.5, ,    19.4, ,    11.2, ,    14.6, ,    55.3, ,   491.6, ,    73.4, ,   119.2, ,   226.5, ,    45.2, ,
1964,    10.6, ,    29.9, ,    50.5, ,    49.5, ,    58.8, ,   112.8, ,    74.6, ,    74.2, ,    43.0, ,    12.3, ,    24.5, ,    60.6, ,   601.5, ,    95.8, ,   158.9, ,   261.7, ,    79.8, ,
1965,    19.5, ,     8.7, ,    18.1, , -9999.9,M, -9999.9,M,    53.7, ,    39.1, ,    18.5, ,    47.3, ,    60.3, , -9999.9,M,    30.8, , -9999.9,M,    88.8, , -9999.9,M,   111.3, , -9999.9,M,
1966, -9999.9,M, -9999.9,M, -9999.9,M, -9999.9,M, -9999.9,M, -9999.9,M, -9999.9,M, -9999.9,M, -9999.9,M, -9999.9,M, -9999.9,M, -9999.9,M, -9999.9,M, -9999.9,M, -9999.9,M, -9999.9,M, -9999.9,M,
1967, -9999.9,M, -9999.9,M, -9999.9,M, -9999.9,M, -9999.9,M, -9999.9,M, -9999.9,M, -9999.9,M, -9999.9,M, -9999.9,M, -9999.9,M, -9999.9,M, -9999.9,M, -9999.9,M, -9999.9,M, -9999.9,M, -9999.9,M,
1968,    26.3, , -9999.9,M,    13.8, ,    48.9, ,    82.8, ,    70.4, ,   100.8, ,   156.5, ,    77.9, ,    30.3, ,    33.5, , -9999.9,M, -9999.9,M, -9999.9,M,   145.5, ,   327.7, ,   141.8, ,
1969, -9999.9,M,    60.7, , -9999.9,M,    23.7, ,    26.1, ,    84.3, ,    93.3, ,    68.8, ,    20.8, ,     6.7, ,     9.5, ,    31.0, , -9999.9,M, -9999.9,M, -9999.9,M,   246.5, ,    37.0, ,
1970,    30.6, ,    38.0, ,    72.3, ,    90.2, ,    52.9, ,    79.0, ,    67.2, ,    14.4, ,    67.1, ,    24.4, ,    16.9, ,    21.7, ,   574.6, ,    99.6, ,   215.5, ,   160.5, ,   108.4, ,
1971,    36.0, , -9999.9,M,    46.1, ,    62.2, ,    64.5, ,   183.1, ,    60.9, ,    48.1, ,    34.5, ,   101.2, , -9999.9,M, -9999.9,M, -9999.9,M, -9999.9,M,   172.8, ,   292.0, , -9999.9,M,
1972, -9999.9,M,    39.7, ,    36.8, ,    25.3, ,    25.9, ,   135.2, ,    84.2, ,   107.5, ,    35.4, ,    25.4, , -9999.9,M, -9999.9,M, -9999.9,M, -9999.9,M,    88.0, ,   326.8, , -9999.9,M,
1973, -9999.9,M, -9999.9,M,     7.0, ,    33.1, ,    73.5, ,    99.1, ,    60.3, ,    78.7, ,    96.3, ,    35.2, ,    62.3, ,    32.7, , -9999.9,M, -9999.9,M,   113.6, ,   238.1, ,   193.8, ,
1974,    49.8, ,    61.5, ,    24.4, ,    79.0, ,    69.0, ,    34.4, ,    53.9, ,    95.7, ,    11.9, ,    17.5, ,     3.7, , -9999.9,M, -9999.9,M,   144.0, ,   172.5, ,   184.0, ,    33.1, ,
1975,    47.9, ,    19.1, ,    52.2, ,    69.6, ,    66.7, ,    77.1, ,   128.8, ,   105.7, ,    82.8, , -9999.9,M,    50.8, ,    24.8, , -9999.9,M, -9999.9,M,   188.6, ,   311.7, , -9999.9,M,
1976,    42.8, ,    71.5, ,    42.6, ,    48.5, , -9999.9,M,   101.0, ,    21.4, ,   116.1, , -9999.9,M,     3.4, ,     1.9, ,    37.8, , -9999.9,M,   139.1, , -9999.9,M,   238.4, , -9999.9,M,
1977,    26.3, ,    16.8, ,     4.0, ,     5.9, ,   114.5, ,    88.1, ,   130.2, ,    21.8, ,   117.0, ,     6.1, ,    35.1, ,    47.5, ,   613.4, ,    80.8, ,   124.4, ,   240.1, ,   158.3, ,
1978,    23.3, ,    11.1, ,     8.4, ,    36.3, ,   101.1, ,    34.2, ,    83.7, ,    26.5, ,    24.6, ,    10.2, ,    61.3, ,    63.6, ,   484.5, ,    81.9, ,   145.9, ,   144.4, ,    96.2, ,
1979,     8.5, ,    44.8, ,    86.8, ,    85.5, ,    80.1, ,    31.8, ,    37.6, ,    11.5, ,    76.5, ,     9.8, ,    19.7, ,    18.8, ,   511.4, ,   116.9, ,   252.4, ,    80.9, ,   106.0, ,
1980,    46.7, ,    26.0, ,    13.0, ,     0.0, ,    16.7, ,    75.6, ,    59.4, ,   195.8, ,    61.3, ,    49.5, ,    16.0, ,    26.1, ,   586.1, ,    91.5, ,    29.7, ,   330.8, ,   126.8, ,
1981,    36.2, ,     8.0, ,     5.5, ,    14.8, ,    25.3, ,   136.0, ,    41.4, ,   167.6, ,    47.0, ,    52.6, ,    14.1, ,    10.6, ,   559.0, ,    70.3, ,    45.6, ,   345.0, ,   113.6, ,
1982,    44.1, ,    16.0, ,    27.5, ,    15.9, ,    75.5, ,    77.2, ,    88.1, ,    31.1, ,    62.0, ,    95.3, ,     4.8, ,    55.5, ,   593.1, ,    70.6, ,   119.0, ,   196.3, ,   162.1, ,
1983,    22.1, ,    12.0, ,    41.6, ,     9.8, ,    55.3, ,    55.1, ,    41.5, ,    60.0, ,    63.3, ,    22.9, ,    43.7, ,    11.6, ,   439.0, ,    89.7, ,   106.7, ,   156.6, ,   129.9, ,
1984,    10.4, ,    15.6, ,    20.7, ,    83.3, ,    27.2, ,    90.1, ,    19.8, ,    16.6, ,    75.2, ,   133.7, ,    48.6, ,    29.7, ,   570.9, ,    37.6, ,   131.2, ,   126.5, ,   257.4, ,
1985,    11.6, ,    24.5, ,    26.0, ,    19.8, ,    45.3, ,   143.6, ,    21.9, ,   194.3, ,    44.2, ,    58.2, ,    57.6, ,    19.3, ,   666.4, ,    65.8, ,    91.1, ,   359.7, ,   160.1, ,
1986,    18.7, ,    16.8, ,    30.7, ,   106.8, ,    72.9, ,    62.1, ,   142.9, ,    27.6, ,    60.5, ,    25.0, ,    41.1, ,    14.2, ,   619.4, ,    54.8, ,   210.4, ,   232.6, ,   126.6, ,
1987,    16.9, ,    52.9, ,    29.4, ,     3.7, ,    49.6, ,    45.3, ,   117.1, ,   118.4, ,    36.6, ,    30.6, ,     6.4, ,    25.0, ,   531.9, ,    84.0, ,    82.7, ,   280.8, ,    73.6, ,
1988,    25.8, ,     7.7, ,    39.7, ,     5.8, ,    62.7, ,    55.6, ,    83.8, ,    32.4, ,    66.1, ,    24.0, ,    47.9, ,    37.6, ,   489.3, ,    58.6, ,   108.2, ,   171.8, ,   138.1, ,
1989,    52.9, ,     5.2, ,    28.7, ,    21.8, ,    56.2, ,   105.0, ,    33.1, ,    70.7, ,    54.3, ,    11.1, ,    38.7, ,    13.0, ,   490.6, ,    95.7, ,   106.8, ,   208.7, ,   104.0, ,
1990,    20.6, ,    20.8, ,    82.7, ,    58.4, ,    69.3, ,   130.2, ,    94.7, ,    94.9, ,    30.9, ,     7.6, ,    15.1, ,    38.7, ,   663.8, ,    54.4, ,   210.3, ,   319.8, ,    53.6, ,
1991,    28.6, ,    28.4, ,    24.5, ,    65.3, ,   100.6, ,   124.8, ,    78.9, ,    24.9, ,    47.7, ,    69.0, ,    24.1, ,    45.5, ,   662.2, ,    95.7, ,   190.3, ,   228.6, ,   140.9, ,
1992,    32.5, ,    15.5, ,    30.8, ,    33.0, ,    39.6, ,    55.1, ,    99.7, ,    53.2, ,    29.2, ,    35.6, ,    42.9, ,    24.6, ,   491.7, ,    93.4, ,   103.4, ,   208.0, ,   107.7, ,
1993,    13.1, ,     4.0, ,    17.1, ,    14.9, ,    57.7, ,   125.3, ,   170.5, ,   125.7, ,    28.6, ,     9.9, ,    31.0, ,    20.5, ,   618.3, ,    41.7, ,    89.7, ,   421.5, ,    69.5, ,
1994,    25.8, ,    10.4, ,    12.1, ,    23.3, ,    62.2, ,   128.8, ,    35.7, ,    71.7, ,    41.2, ,   130.1, ,    33.6, ,    24.1, ,   599.1, ,    56.7, ,    97.6, ,   236.2, ,   205.0, ,
1995,    40.1, ,    56.9, ,    72.6, ,    32.7, ,    86.4, ,    48.2, ,    59.0, ,    48.3, ,    35.1, ,    60.3, ,   102.0, ,    28.5, ,   670.0, ,   121.1, ,   191.7, ,   155.5, ,   197.3, ,
1996,    15.0, ,    24.9, ,    49.3, ,    25.4, ,    69.5, , -9999.9,M, -9999.9,M, -9999.9,M, -9999.9,M, -9999.9,M, -9999.9,M, -9999.9,M, -9999.9,M,    68.3, ,   144.1, , -9999.9,M, -9999.9,M,
1997, -9999.9,M, -9999.9,M, -9999.9,M, -9999.9,M, -9999.9,M, -9999.9,M, -9999.9,M, -9999.9,M, -9999.9,M, -9999.9,M, -9999.9,M, -9999.9,M, -9999.9,M, -9999.9,M, -9999.9,M, -9999.9,M, -9999.9,M,
1998, -9999.9,M, -9999.9,M, -9999.9,M, -9999.9,M, -9999.9,M, -9999.9,M, -9999.9,M, -9999.9,M, -9999.9,M, -9999.9,M, -9999.9,M, -9999.9,M, -9999.9,M, -9999.9,M, -9999.9,M, -9999.9,M, -9999.9,M,
1999, -9999.9,M, -9999.9,M, -9999.9,M, -9999.9,M, -9999.9,M, -9999.9,M, -9999.9,M, -9999.9,M, -9999.9,M, -9999.9,M, -9999.9,M, -9999.9,M, -9999.9,M, -9999.9,M, -9999.9,M, -9999.9,M, -9999.9,M,
2000, -9999.9,M, -9999.9,M, -9999.9,M, -9999.9,M, -9999.9,M, -9999.9,M, -9999.9,M, -9999.9,M, -9999.9,M, -9999.9,M, -9999.9,M, -9999.9,M, -9999.9,M, -9999.9,M, -9999.9,M, -9999.9,M, -9999.9,M,
2001, -9999.9,M, -9999.9,M, -9999.9,M, -9999.9,M, -9999.9,M, -9999.9,M, -9999.9,M, -9999.9,M, -9999.9,M, -9999.9,M, -9999.9,M, -9999.9,M, -9999.9,M, -9999.9,M, -9999.9,M, -9999.9,M, -9999.9,M,
2002, -9999.9,M, -9999.9,M, -9999.9,M, -9999.9,M, -9999.9,M, -9999.9,M, -9999.9,M, -9999.9,M, -9999.9,M, -9999.9,M, -9999.9,M, -9999.9,M, -9999.9,M, -9999.9,M, -9999.9,M, -9999.9,M, -9999.9,M,
2003, -9999.9,M, -9999.9,M, -9999.9,M, -9999.9,M, -9999.9,M, -9999.9,M, -9999.9,M, -9999.9,M, -9999.9,M, -9999.9,M, -9999.9,M, -9999.9,M, -9999.9,M, -9999.9,M, -9999.9,M, -9999.9,M, -9999.9,M,
2004, -9999.9,M, -9999.9,M, -9999.9,M, -9999.9,M, -9999.9,M, -9999.9,M, -9999.9,M, -9999.9,M, -9999.9,M, -9999.9,M, -9999.9,M, -9999.9,M, -9999.9,M, -9999.9,M, -9999.9,M, -9999.9,M, -9999.9,M,
2005, -9999.9,M, -9999.9,M, -9999.9,M, -9999.9,M, -9999.9,M, -9999.9,M, -9999.9,M, -9999.9,M, -9999.9,M, -9999.9,M, -9999.9,M, -9999.9,M, -9999.9,M, -9999.9,M, -9999.9,M, -9999.9,M, -9999.9,M,
2006, -9999.9,M, -9999.9,M, -9999.9,M, -9999.9,M, -9999.9,M, -9999.9,M, -9999.9,M, -9999.9,M, -9999.9,M, -9999.9,M, -9999.9,M, -9999.9,M, -9999.9,M, -9999.9,M, -9999.9,M, -9999.9,M, -9999.9,M,
2007, -9999.9,M, -9999.9,M, -9999.9,M, -9999.9,M, -9999.9,M, -9999.9,M, -9999.9,M, -9999.9,M, -9999.9,M, -9999.9,M, -9999.9,M, -9999.9,M, -9999.9,M, -9999.9,M, -9999.9,M, -9999.9,M, -9999.9,M,
2008, -9999.9,M, -9999.9,M, -9999.9,M, -9999.9,M, -9999.9,M, -9999.9,M, -9999.9,M, -9999.9,M, -9999.9,M, -9999.9,M, -9999.9,M, -9999.9,M, -9999.9,M, -9999.9,M, -9999.9,M, -9999.9,M, -9999.9,M,
2009, -9999.9,M, -9999.9,M, -9999.9,M, -9999.9,M, -9999.9,M, -9999.9,M, -9999.9,M, -9999.9,M, -9999.9,M, -9999.9,M, -9999.9,M, -9999.9,M, -9999.9,M, -9999.9,M, -9999.9,M, -9999.9,M, -9999.9,M,
2010, -9999.9,M, -9999.9,M, -9999.9,M, -9999.9,M, -9999.9,M, -9999.9,M, -9999.9,M, -9999.9,M, -9999.9,M, -9999.9,M, -9999.9,M, -9999.9,M, -9999.9,M, -9999.9,M, -9999.9,M, -9999.9,M, -9999.9,M,
2011, -9999.9,M, -9999.9,M, -9999.9,M, -9999.9,M, -9999.9,M, -9999.9,M, -9999.9,M, -9999.9,M, -9999.9,M, -9999.9,M, -9999.9,M, -9999.9,M, -9999.9,M, -9999.9,M, -9999.9,M, -9999.9,M, -9999.9,M,
