5020882,EMERSON                  ,MB  ,station joined    , Monthly total of daily adjusted precipitation, mm, Updated to December 2011
5020882,EMERSON                  ,MB  ,station jointe    , Total mensuel des chutes de précipitations quotidiennes ajustées, mm, Mise à jour jusqu à décembre 2011
Year,     Jan, ,     Feb, ,     Mar, ,     Apr, ,     May, ,     Jun, ,     Jul, ,     Aug, ,     Sep, ,     Oct, ,     Nov, ,     Dec, ,  Annual, ,  Winter, ,  Spring, ,  Summer, ,  Autumn
An  ,    Janv, ,     Fév, ,    Mars, ,     Avr, ,     Mai, ,    Juin, ,    Juil, ,    Août, ,    Sept, ,     Oct, ,     Nov, ,     Déc, ,  Annuel, ,   Hiver, ,Printemp, ,     Eté, , Automne
1942, -9999.9,M, -9999.9,M, -9999.9,M,    17.7, ,    57.5, ,    36.0, ,    91.1, ,   161.2, ,    20.6, ,     3.9, ,     5.5, ,    54.5, , -9999.9,M, -9999.9,M, -9999.9,M,   288.4, ,    30.1, ,
1943,    19.0, , -9999.9,M,    38.3, ,    22.7, ,    49.1, ,    72.3, ,    71.1, ,    83.7, ,     7.5, ,    16.6, ,     6.9, ,    15.9, , -9999.9,M, -9999.9,M,   110.1, ,   227.2, ,    31.0, ,
1944,     2.1, ,     5.4, ,    38.9, ,     2.4, ,    30.1, ,   160.9, ,    91.3, ,   209.1, ,    28.5, ,    27.2, ,    95.5, , -9999.9,M, -9999.9,M,    23.4, ,    71.5, ,   461.4, ,   151.2, ,
1945,    34.9, ,     6.8, ,    33.5, ,    44.0, ,    32.0, ,    58.8, ,    64.0, ,    74.1, ,   143.4, ,    15.7, ,    27.6, ,    28.6, ,   563.4, , -9999.9,M,   109.4, ,   197.0, ,   186.7, ,
1946,    19.3, ,     6.4, ,    18.7, ,    27.4, ,    22.3, ,    96.7, ,    25.4, ,    22.0, ,   118.2, ,    43.6, ,    19.1, ,    12.8, ,   431.9, ,    54.3, ,    68.4, ,   144.1, ,   180.9, ,
1947,    19.2, ,    13.3, ,    12.8, ,    16.9, ,    14.6, ,   162.6, ,    47.0, ,   107.4, ,    90.0, ,    54.9, ,    23.4, ,    37.8, ,   600.1, ,    45.3, ,    44.4, ,   317.0, ,   168.4, ,
1948,     6.5, ,    25.4, ,    19.3, ,    21.2, ,    40.3, ,    94.1, ,   207.6, ,    20.1, ,     1.4, ,    11.8, ,    39.3, ,    25.2, ,   512.1, ,    69.7, ,    80.8, ,   321.7, ,    52.6, ,
1949,    39.8, ,    19.3, ,    25.2, ,     6.6, ,    74.9, ,    27.6, ,   107.4, ,    41.7, ,    23.2, ,   101.6, ,    18.9, ,    56.9, ,   543.0, ,    84.2, ,   106.7, ,   176.6, ,   143.7, ,
1950,    32.0, ,     9.6, ,    22.5, ,    38.4, , -9999.9,M,    82.0, ,    93.0, ,    28.9, ,   114.4, ,    14.0, ,    13.3, ,    13.1, , -9999.9,M,    98.6, , -9999.9,M,   203.9, ,   141.7, ,
1951,     0.3, ,    20.5, ,    22.3, ,    30.4, ,    10.2, ,    39.8, ,    27.8, ,   120.1, ,    47.4, ,    16.9, ,     1.9, ,     6.8, ,   344.4, ,    33.9, ,    62.8, ,   187.7, ,    66.2, ,
1952,    33.4, ,     0.4, ,    14.2, ,     0.7, ,    16.8, ,    58.8, ,    55.2, ,    66.3, ,    16.7, ,     3.3, ,    18.4, ,     6.9, ,   291.1, ,    40.7, ,    31.7, ,   180.3, ,    38.5, ,
1953,    25.6, ,    17.6, ,    16.2, ,    37.7, ,   146.2, ,   112.8, ,   144.8, ,    46.4, ,    48.9, ,    18.8, ,     1.3, ,    13.4, ,   629.6, ,    50.0, ,   200.0, ,   304.0, ,    69.0, ,
1954,    36.1, ,     6.3, ,     8.4, ,    52.6, ,    66.9, ,   106.7, ,    37.2, ,    94.4, ,    82.3, ,    10.2, ,    11.4, ,     1.0, ,   513.5, ,    55.8, ,   127.9, ,   238.3, ,   103.9, ,
1955,    41.2, ,    34.9, ,    35.1, ,    36.8, ,    66.6, ,    92.9, ,   119.8, ,    33.9, ,   134.9, ,    41.4, ,    21.4, ,     2.9, ,   662.0, ,    77.1, ,   138.5, ,   246.6, ,   197.7, ,
1956,    50.4, ,    28.6, ,    28.9, ,     0.5, ,    88.6, ,    50.7, ,    74.3, ,    97.7, ,     5.6, ,    44.7, ,    43.4, ,    35.2, ,   548.7, ,    81.9, ,   118.0, ,   222.7, ,    93.6, ,
1957,     6.9, ,    12.9, ,     7.4, ,    38.0, ,    48.9, ,   111.4, ,   252.1, ,    70.1, ,    85.2, ,    15.8, ,    16.8, ,     6.8, ,   672.3, ,    55.0, ,    94.3, ,   433.6, ,   117.9, ,
1958,     9.9, ,     6.5, ,     6.5, ,    27.3, ,    11.8, ,    44.1, ,   136.0, ,    15.6, ,    27.1, ,    13.2, ,    97.0, ,    19.8, ,   414.7, ,    23.2, ,    45.6, ,   195.7, ,   137.2, ,
1959,     0.8, ,    17.7, ,     6.8, ,     8.9, ,   112.7, ,    93.6, ,    37.9, ,   156.7, ,    60.0, ,    80.8, ,    19.8, ,     6.8, ,   602.3, ,    38.2, ,   128.4, ,   288.2, ,   160.5, ,
1960,     9.9, ,     6.5, ,    23.5, ,    57.6, ,    55.5, ,    64.5, ,    33.5, ,    81.3, ,    10.9, ,    57.4, ,     5.2, ,    32.4, ,   438.3, ,    23.2, ,   136.6, ,   179.4, ,    73.5, ,
1961,    10.1, ,    19.3, , -9999.9,M,    29.0, ,    15.7, ,    18.4, ,   146.1, ,     8.9, , -9999.9,M, -9999.9,M, -9999.9,M, -9999.9,M, -9999.9,M,    61.8, , -9999.9,M,   173.4, , -9999.9,M,
1962, -9999.9,M,    27.0, ,   109.8, ,    15.1, ,   146.7, ,    65.2, ,    99.6, ,    87.7, ,    23.4, ,    13.1, ,    29.7, ,    20.4, , -9999.9,M, -9999.9,M,   271.6, ,   252.5, ,    66.2, ,
1963,    14.1, ,    25.7, ,     5.0, ,    47.0, ,    88.8, ,   109.2, ,   150.1, ,    11.7, ,    24.7, ,    19.2, ,    11.5, ,    40.0, ,   546.9, ,    60.1, ,   140.8, ,   270.9, ,    55.5, ,
1964,    20.2, ,    14.0, ,    44.7, ,    75.4, ,    67.8, ,   212.4, ,    48.1, ,    81.9, ,    61.3, ,    20.3, ,    38.3, ,    23.9, ,   708.3, ,    74.2, ,   187.9, ,   342.3, ,   120.0, ,
1965,    13.4, ,    14.6, ,    36.8, ,    65.8, ,    77.1, ,    77.4, ,    63.9, ,    67.1, ,   133.9, ,    38.3, ,    89.8, ,    53.8, ,   731.7, ,    51.9, ,   179.6, ,   208.5, ,   261.9, ,
1966,    12.9, ,    38.0, ,    82.4, ,    49.0, ,    67.4, ,    90.9, ,   120.8, ,    57.2, ,    12.6, ,    44.4, ,    23.1, ,    59.2, ,   658.0, ,   104.7, ,   198.8, ,   268.9, ,    80.1, ,
1967,    96.8, ,    47.7, ,    22.7, ,   109.9, ,    32.4, ,    30.6, ,    56.5, , -9999.9,M,    17.9, ,    33.0, ,    18.3, ,    54.5, , -9999.9,M,   203.7, ,   164.9, , -9999.9,M,    69.2, ,
1968,    49.8, ,     7.2, , -9999.9,M,    73.6, ,    84.4, ,   133.5, ,   128.2, ,   143.2, ,    86.1, ,    16.4, ,     5.5, ,    19.3, , -9999.9,M,   111.5, , -9999.9,M,   404.9, ,   108.0, ,
1969, -9999.9,M, -9999.9,M, -9999.9,M,    42.5, ,    62.2, ,    55.4, ,    61.7, ,    36.4, ,    86.6, ,    50.8, , -9999.9,M, -9999.9,M, -9999.9,M, -9999.9,M, -9999.9,M,   153.6, , -9999.9,M,
1970, -9999.9,M, -9999.9,M, -9999.9,M,   113.2, ,   151.6, ,   106.0, ,    86.5, ,    42.7, ,   112.2, ,    39.6, ,    32.0, ,    39.7, , -9999.9,M, -9999.9,M, -9999.9,M,   235.3, ,   183.7, ,
1971,    33.7, ,     2.2, ,    53.2, ,    40.8, ,    17.8, ,   121.3, ,    81.3, ,    22.5, ,    24.3, ,    67.1, ,    10.5, ,     6.1, ,   480.7, ,    75.5, ,   111.7, ,   225.1, ,   101.9, ,
1972,    20.0, ,    36.9, ,    14.6, ,    29.0, ,    16.6, ,    81.8, ,    42.8, ,    43.5, ,    74.7, ,    52.4, ,    10.2, ,    38.3, ,   460.7, ,    63.1, ,    60.1, ,   168.0, ,   137.3, ,
1973,     6.1, ,     0.9, ,    14.7, ,    13.4, ,    92.8, ,   109.8, ,   124.9, ,    47.5, ,    89.5, ,   117.1, ,    50.0, ,    24.6, ,   691.2, ,    45.3, ,   120.8, ,   282.2, ,   256.5, ,
1974,    44.6, ,    42.6, ,    43.7, ,    84.9, ,   120.0, ,    37.7, ,    49.4, ,   105.4, ,    21.7, ,    15.2, , -9999.9,M, -9999.9,M, -9999.9,M,   111.8, ,   248.7, ,   192.5, , -9999.9,M,
1975, -9999.9,M, -9999.9,M, -9999.9,M,    80.6, ,    40.1, ,   171.9, ,    37.3, ,    49.3, ,    27.4, ,    31.1, ,    25.1, ,    18.0, , -9999.9,M, -9999.9,M, -9999.9,M,   258.5, ,    83.5, ,
1976,    44.0, ,    39.6, ,    22.6, ,    42.8, ,    17.4, ,   132.8, ,    47.6, ,    95.7, ,     8.9, ,     5.5, ,     1.1, , -9999.9,M, -9999.9,M,   101.7, ,    82.8, ,   276.1, ,    15.5, ,
1977, -9999.9,M, -9999.9,M, -9999.9,M,     5.3, ,   136.2, ,    89.7, ,    79.6, ,    85.2, ,   100.0, ,    24.1, ,    58.4, ,    50.7, , -9999.9,M, -9999.9,M, -9999.9,M,   254.5, ,   182.5, ,
1978,    35.8, ,    13.7, ,     6.9, ,    44.2, ,    58.2, ,    24.7, ,   103.6, ,   125.1, ,    95.6, ,     9.4, ,    29.0, ,    43.5, ,   589.8, ,   100.2, ,   109.3, ,   253.4, ,   134.0, ,
1979,    18.5, ,    49.5, ,    72.3, , -9999.9,M, -9999.9,M,    56.9, ,   100.7, ,    83.3, ,    24.0, ,    24.3, ,    17.8, ,     9.5, , -9999.9,M,   111.5, , -9999.9,M,   240.9, ,    66.1, ,
1980,    37.2, ,    30.5, ,    14.9, ,     1.8, ,    30.9, ,    50.6, ,    65.8, ,    96.0, ,   109.5, ,    43.0, ,    35.9, ,    17.7, ,   533.9, ,    77.2, ,    47.6, ,   212.4, ,   188.4, ,
1981,    26.4, ,    19.0, ,    30.1, ,     6.3, ,    68.2, ,    95.2, ,    48.3, ,    89.6, ,    84.8, ,    71.5, ,    14.4, ,    12.5, ,   566.5, ,    63.1, ,   104.7, ,   233.1, ,   170.8, ,
1982,    56.9, ,    11.4, ,    30.8, ,    35.6, ,    69.2, ,    82.4, ,   187.4, ,    62.2, ,    52.0, ,    73.0, ,    24.2, ,    27.9, ,   713.1, ,    80.8, ,   135.6, ,   332.0, ,   149.3, ,
1983,    15.8, ,    12.5, , -9999.9,M,     3.7, ,    25.2, ,    75.0, ,    69.9, ,    22.6, ,    72.8, ,    36.3, ,    28.6, , -9999.9,M, -9999.9,M,    56.2, , -9999.9,M,   167.6, ,   137.6, ,
1984,    21.0, ,    18.6, ,     6.3, ,    63.4, ,    19.4, ,   184.1, ,    55.9, ,    47.4, ,    13.0, ,   122.3, ,    22.4, , -9999.9,M, -9999.9,M, -9999.9,M,    89.1, ,   287.4, ,   157.7, ,
1985,    24.3, ,    42.0, ,    19.2, ,    27.0, ,    72.7, ,   102.4, ,    53.3, ,   193.0, ,    42.0, ,    52.0, ,    91.7, , -9999.9,M, -9999.9,M, -9999.9,M,   118.8, ,   348.8, ,   185.7, ,
1986,    30.6, ,    23.7, ,    22.6, ,    82.2, ,    49.7, ,    51.2, ,   115.5, ,    40.0, ,    64.1, ,    26.9, ,    67.4, ,    26.5, ,   600.4, , -9999.9,M,   154.5, ,   206.7, ,   158.4, ,
1987,    18.7, ,    78.2, ,    19.2, ,    11.2, ,    85.0, ,    86.3, ,   109.7, ,    72.7, ,    37.6, ,    25.9, ,    17.8, ,    25.4, ,   587.5, ,   123.4, ,   115.3, ,   268.6, ,    81.3, ,
1988,    36.0, ,    32.4, ,    42.6, ,     0.7, ,    42.6, ,    27.5, ,    56.3, ,    62.1, ,    33.1, ,    29.0, ,    60.4, ,    89.0, ,   511.6, ,    93.8, ,    85.8, ,   145.9, ,   122.5, ,
1989,    82.1, ,    11.4, ,    35.4, ,    24.2, ,    82.8, ,   103.9, ,    17.1, ,   131.6, ,    30.8, ,     9.3, ,    35.2, ,    35.0, ,   598.6, ,   182.5, ,   142.3, ,   252.6, ,    75.3, ,
1990,    52.5, ,    26.1, ,    77.5, ,    40.3, ,    42.5, ,   161.7, ,    64.7, ,    27.8, ,    24.1, ,    14.5, ,     7.3, ,    36.4, ,   575.4, ,   113.6, ,   160.4, ,   254.1, ,    45.9, ,
1991,    21.9, ,    20.6, ,    22.0, ,    80.1, ,   111.5, ,   188.2, ,    81.3, ,    30.3, ,   134.8, ,   111.9, ,    53.8, ,    62.6, ,   918.9, ,    78.9, ,   213.6, ,   299.8, ,   300.5, ,
1992,    25.4, ,    38.1, ,    30.9, ,    55.4, ,    52.8, ,   119.9, ,    69.3, ,    47.9, ,    55.3, ,     7.8, ,    40.0, ,    45.3, ,   588.0, ,   126.1, ,   139.0, ,   237.1, ,   103.1, ,
1993,    29.8, ,     1.3, ,    16.8, ,    15.3, ,    60.7, ,   135.2, ,   171.0, ,   153.8, ,    23.4, ,    35.4, ,    25.3, ,    28.3, ,   696.2, ,    76.3, ,    92.9, ,   460.0, ,    84.0, ,
1994,    13.6, ,    12.4, ,    14.3, ,    13.7, ,    68.1, ,    48.8, ,   136.5, ,    99.6, ,    71.3, ,    74.2, ,    73.4, ,    36.9, ,   662.8, ,    54.4, ,    96.1, ,   284.9, ,   218.8, ,
1995,    34.0, ,    40.5, ,    41.9, ,    12.4, ,    38.4, ,    28.7, ,   150.3, ,   112.1, ,    84.5, ,    76.4, ,    60.4, ,    53.5, ,   733.1, ,   111.4, ,    92.8, ,   291.1, ,   221.3, ,
1996,    39.0, ,    39.6, ,    40.6, , -9999.9,M,    91.1, ,   103.2, ,   121.1, ,    40.4, ,   140.4, ,    41.3, ,    77.5, ,    60.0, , -9999.9,M,   132.1, , -9999.9,M,   264.7, ,   259.2, ,
1997,    43.5, ,    25.7, ,    18.5, ,    54.3, , -9999.9,M,     0.0, ,   153.5, , -9999.9,M, -9999.9,M, -9999.9,M, -9999.9,M, -9999.9,M, -9999.9,M,   129.2, , -9999.9,M, -9999.9,M, -9999.9,M,
1998, -9999.9,M, -9999.9,M, -9999.9,M, -9999.9,M, -9999.9,M, -9999.9,M,    39.6, , -9999.9,M,     9.1, ,    63.0, ,    18.3, ,    16.3, , -9999.9,M, -9999.9,M, -9999.9,M, -9999.9,M,    90.4, ,
1999,    17.0, ,    30.1, ,    18.7, ,    41.2, ,   102.8, ,    77.3, ,    90.3, ,    24.4, ,    37.7, ,     7.0, ,     3.7, ,    18.4, ,   468.5, ,    63.4, ,   162.7, ,   191.9, ,    48.4, ,
2000,    15.1, ,    56.9, ,    23.0, ,     9.3, ,    37.5, ,   121.1, ,    40.8, ,   202.2, ,    41.2, , -9999.9,M,   102.0, ,    24.9, , -9999.9,M,    90.5, ,    69.8, ,   364.2, , -9999.9,M,
2001,     9.9, ,    12.6, ,    18.2, , -9999.9,M,   108.3, ,    67.6, ,   200.0, ,    26.6, ,    38.5, ,    26.1, ,    15.5, ,     8.7, , -9999.9,M,    47.5, , -9999.9,M,   294.1, ,    80.1, ,
2002,     9.3, ,     3.7, ,    16.1, ,    27.1, ,    54.4, ,   195.9, ,    30.7, ,   121.0, ,    44.1, ,    12.4, ,     7.4, ,     7.4, ,   529.6, ,    21.7, ,    97.5, ,   347.6, ,    64.0, ,
2003,     6.2, , -9999.9,M, -9999.9,M, -9999.9,M, -9999.9,M, -9999.9,M, -9999.9,M, -9999.9,M, -9999.9,M, -9999.9,M, -9999.9,M, -9999.9,M, -9999.9,M, -9999.9,M, -9999.9,M, -9999.9,M, -9999.9,M,
2004, -9999.9,M, -9999.9,M, -9999.9,M, -9999.9,M, -9999.9,M, -9999.9,M, -9999.9,M, -9999.9,M, -9999.9,M, -9999.9,M, -9999.9,M, -9999.9,M, -9999.9,M, -9999.9,M, -9999.9,M, -9999.9,M, -9999.9,M,
2005, -9999.9,M, -9999.9,M, -9999.9,M, -9999.9,M, -9999.9,M, -9999.9,M, -9999.9,M, -9999.9,M, -9999.9,M, -9999.9,M, -9999.9,M, -9999.9,M, -9999.9,M, -9999.9,M, -9999.9,M, -9999.9,M, -9999.9,M,
2006, -9999.9,M, -9999.9,M, -9999.9,M, -9999.9,M, -9999.9,M, -9999.9,M, -9999.9,M, -9999.9,M, -9999.9,M, -9999.9,M, -9999.9,M, -9999.9,M, -9999.9,M, -9999.9,M, -9999.9,M, -9999.9,M, -9999.9,M,
2007, -9999.9,M, -9999.9,M, -9999.9,M, -9999.9,M, -9999.9,M, -9999.9,M, -9999.9,M, -9999.9,M, -9999.9,M, -9999.9,M, -9999.9,M, -9999.9,M, -9999.9,M, -9999.9,M, -9999.9,M, -9999.9,M, -9999.9,M,
2008, -9999.9,M, -9999.9,M, -9999.9,M, -9999.9,M, -9999.9,M, -9999.9,M, -9999.9,M, -9999.9,M, -9999.9,M, -9999.9,M, -9999.9,M, -9999.9,M, -9999.9,M, -9999.9,M, -9999.9,M, -9999.9,M, -9999.9,M,
2009, -9999.9,M, -9999.9,M, -9999.9,M, -9999.9,M, -9999.9,M, -9999.9,M, -9999.9,M, -9999.9,M, -9999.9,M, -9999.9,M, -9999.9,M, -9999.9,M, -9999.9,M, -9999.9,M, -9999.9,M, -9999.9,M, -9999.9,M,
2010, -9999.9,M, -9999.9,M, -9999.9,M, -9999.9,M, -9999.9,M, -9999.9,M, -9999.9,M, -9999.9,M, -9999.9,M, -9999.9,M, -9999.9,M, -9999.9,M, -9999.9,M, -9999.9,M, -9999.9,M, -9999.9,M, -9999.9,M,
2011, -9999.9,M, -9999.9,M, -9999.9,M, -9999.9,M, -9999.9,M, -9999.9,M, -9999.9,M, -9999.9,M, -9999.9,M, -9999.9,M, -9999.9,M, -9999.9,M, -9999.9,M, -9999.9,M, -9999.9,M, -9999.9,M, -9999.9,M,
