5040680,DAUPHIN A                ,MB  ,station joined    , Monthly total of daily adjusted precipitation, mm, Updated to December 2010
5040680,DAUPHIN A                ,MB  ,station jointe    , Total mensuel des chutes de précipitations quotidiennes ajustées, mm, Mise à jour jusqu à décembre 2010
Year,     Jan, ,     Feb, ,     Mar, ,     Apr, ,     May, ,     Jun, ,     Jul, ,     Aug, ,     Sep, ,     Oct, ,     Nov, ,     Dec, ,  Annual, ,  Winter, ,  Spring, ,  Summer, ,  Autumn
An  ,    Janv, ,     Fév, ,    Mars, ,     Avr, ,     Mai, ,    Juin, ,    Juil, ,    Août, ,    Sept, ,     Oct, ,     Nov, ,     Déc, ,  Annuel, ,   Hiver, ,Printemp, ,     Eté, , Automne
1911, -9999.9,M, -9999.9,M, -9999.9,M, -9999.9,M,   132.6, ,    44.2, ,    65.4, ,    86.4, ,    66.1, , -9999.9,M, -9999.9,M,    20.3, , -9999.9,M, -9999.9,M, -9999.9,M,   196.0, , -9999.9,M,
1912, -9999.9,M, -9999.9,M,    10.1, ,     9.6, ,    54.8, ,    55.5, ,   161.1, ,    68.7, ,   184.7, ,    13.6, , -9999.9,M,    27.2, , -9999.9,M, -9999.9,M,    74.5, ,   285.3, , -9999.9,M,
1913,    40.6, ,    47.3, ,    13.4, , -9999.9,M,    14.9, ,    59.8, ,   110.4, ,    55.4, ,    30.3, , -9999.9,M,    20.2, , -9999.9,M, -9999.9,M,   115.1, , -9999.9,M,   225.6, , -9999.9,M,
1914,    43.8, ,    13.8, ,    10.1, ,    17.1, ,    84.8, ,    18.0, ,    52.4, ,    58.8, ,    46.4, , -9999.9,M,    34.0, ,     6.8, , -9999.9,M, -9999.9,M,   112.1, ,   129.2, , -9999.9,M,
1915,    13.9, ,    30.9, ,     7.4, ,    24.2, ,     9.8, ,    97.8, ,    83.6, ,     0.0, ,    78.4, ,    23.9, ,    23.6, ,    30.5, ,   423.9, ,    51.6, ,    41.4, ,   181.4, ,   125.8, ,
1916,     3.8, ,     0.4, ,    22.0, ,     0.1, ,    56.9, ,   144.8, ,    44.2, ,    33.1, ,    45.9, ,    64.9, ,     6.8, ,    54.2, ,   477.1, ,    34.7, ,    79.0, ,   222.2, ,   117.6, ,
1917,   106.6, ,    37.2, ,     0.4, ,    10.1, ,     2.8, ,   135.0, ,    52.7, ,    35.4, ,    16.5, ,    36.5, , -9999.9,M,    40.6, , -9999.9,M,   197.9, ,    13.3, ,   223.1, , -9999.9,M,
1918,    36.9, ,     0.1, ,    41.1, ,    13.9, ,    35.6, ,    44.9, ,    51.7, ,    65.3, ,     9.5, ,    43.5, , -9999.9,M,    45.7, , -9999.9,M,    77.6, ,    90.6, ,   161.8, , -9999.9,M,
1919,    20.1, ,    20.3, ,    23.6, ,    11.8, ,     9.8, ,    69.8, ,    35.7, ,    33.1, ,    32.7, ,    43.5, ,    38.8, ,    13.6, ,   352.7, ,    86.0, ,    45.2, ,   138.6, ,   115.0, ,
1920,    16.8, ,    28.6, ,    44.0, ,    22.1, ,    32.4, ,    33.4, ,    65.5, ,    45.0, ,    52.8, , -9999.9,M,    26.1, ,    20.2, , -9999.9,M,    59.0, ,    98.4, ,   143.8, , -9999.9,M,
1921,     0.0, ,     0.0, , -9999.9,M,    23.9, ,    55.9, ,    74.3, ,    68.5, ,    71.1, ,    70.1, ,    32.5, ,    40.5, ,    10.1, , -9999.9,M,    20.2, , -9999.9,M,   213.8, ,   143.1, ,
1922,     0.0, , -9999.9,M, -9999.9,M,    37.4, ,    52.6, ,    48.6, ,    24.8, ,    54.0, ,    45.9, ,    26.7, ,    75.5, ,    60.8, , -9999.9,M, -9999.9,M, -9999.9,M,   127.4, ,   148.0, ,
1923, -9999.9,M,     0.0, , -9999.9,M,    39.6, ,    18.7, ,    92.3, ,    78.0, ,    39.6, ,    19.3, ,    21.0, , -9999.9,M,     0.0, , -9999.9,M, -9999.9,M, -9999.9,M,   209.9, , -9999.9,M,
1924,    20.4, ,    10.1, ,     0.1, , -9999.9,M, -9999.9,M,    42.2, ,    51.8, ,    23.9, ,    53.1, , -9999.9,M, -9999.9,M,     6.5, , -9999.9,M,    30.5, , -9999.9,M,   117.8, , -9999.9,M,
1925,    74.4, ,    20.2, ,    62.3, ,    20.1, ,    27.6, ,   132.4, ,    32.4, ,    51.3, ,    36.2, ,    24.1, ,     8.4, , -9999.9,M, -9999.9,M,   101.1, ,   110.0, ,   216.1, ,    68.6, ,
1926, -9999.9,M, -9999.9,M, -9999.9,M,     9.0, ,    14.6, ,    40.5, ,    58.9, ,    50.7, ,   131.7, , -9999.9,M, -9999.9,M, -9999.9,M, -9999.9,M, -9999.9,M, -9999.9,M,   150.1, , -9999.9,M,
1927,     0.1, , -9999.9,M,     2.7, ,    37.2, ,    63.4, ,    44.6, ,    83.5, ,    77.2, ,    40.1, ,    13.9, ,    13.9, ,    13.6, , -9999.9,M, -9999.9,M,   103.3, ,   205.3, ,    67.9, ,
1928,    13.7, ,     0.1, ,    57.6, ,    31.2, ,    28.4, ,    88.4, ,    38.6, ,    30.9, ,    22.7, , -9999.9,M, -9999.9,M,    14.2, , -9999.9,M,    27.4, ,   117.3, ,   157.9, , -9999.9,M,
1929, -9999.9,M,     0.0, ,    52.0, ,    20.9, ,    42.5, ,    20.9, ,    14.3, ,    24.3, ,    10.4, ,     6.9, , -9999.9,M, -9999.9,M, -9999.9,M, -9999.9,M,   115.4, ,    59.5, , -9999.9,M,
1930,     0.0, ,     0.0, ,    10.6, ,    12.7, ,    74.3, ,    41.6, ,    61.4, ,    22.2, ,    17.9, , -9999.9,M,    20.4, ,    15.2, , -9999.9,M, -9999.9,M,    97.6, ,   125.3, , -9999.9,M,
1931,    26.9, ,    16.9, ,    27.4, ,     4.1, ,    22.0, ,    31.9, ,    58.8, ,    45.0, ,    20.9, , -9999.9,M,     3.6, ,    17.3, , -9999.9,M,    59.0, ,    53.5, ,   135.7, , -9999.9,M,
1932, -9999.9,M,     0.0, ,    16.6, ,    61.0, ,     9.8, ,   111.8, ,    74.4, ,    49.9, ,    21.5, ,    32.3, ,    54.1, ,     0.0, , -9999.9,M, -9999.9,M,    87.5, ,   236.1, ,   107.9, ,
1933,    42.4, ,     6.8, ,    22.8, ,    25.2, ,    97.8, ,    52.0, ,    34.3, ,   126.4, ,    31.8, ,    48.9, ,    38.9, ,    25.7, ,   552.9, ,    49.1, ,   145.8, ,   212.6, ,   119.6, ,
1934,    31.4, ,    38.2, ,    14.8, ,    30.6, ,    21.1, ,    71.0, ,    21.8, ,    23.9, ,    83.5, ,    14.5, ,    28.1, ,    19.8, ,   398.6, ,    95.4, ,    66.5, ,   116.7, ,   126.1, ,
1935,    41.2, ,    11.2, ,    96.9, ,    36.3, ,    24.2, ,   211.1, ,   129.5, ,   104.3, ,    60.0, ,    35.3, ,    38.1, ,    19.5, ,   807.5, ,    72.1, ,   157.4, ,   444.8, ,   133.4, ,
1936,    29.1, ,    22.4, ,    56.2, ,    32.7, ,    56.1, ,    78.3, ,    17.8, ,    14.0, ,    44.6, ,    17.4, ,    17.2, ,    36.1, ,   421.9, ,    70.9, ,   145.0, ,   110.1, ,    79.2, ,
1937,    22.5, ,    27.1, ,    17.0, ,    33.6, ,    64.4, ,    95.3, ,    37.3, ,    51.4, ,    67.4, , -9999.9,M,    36.3, ,    32.1, , -9999.9,M,    85.7, ,   115.1, ,   184.0, , -9999.9,M,
1938,    25.5, ,    38.2, ,    45.6, ,    47.4, ,    25.3, ,    54.9, ,    64.2, ,    78.0, ,    19.7, ,    20.2, ,    44.8, ,    22.3, ,   486.2, ,    95.8, ,   118.4, ,   197.1, ,    84.7, ,
1939,    23.6, ,    26.6, ,     7.4, ,     7.4, ,    51.9, ,    60.1, ,    80.9, ,    51.8, ,    53.6, ,    17.2, ,     6.9, ,    15.1, ,   402.7, ,    72.6, ,    66.8, ,   192.8, ,    77.7, ,
1940,     6.5, ,    25.1, ,     8.1, ,     1.2, ,    55.0, ,    72.3, ,    56.9, ,   103.4, ,     7.9, ,    59.8, ,    32.0, ,    21.4, ,   449.7, ,    46.7, ,    64.3, ,   232.6, ,    99.7, ,
1941,    31.3, ,     7.8, ,    44.5, ,    34.6, ,    48.8, ,    69.4, ,    42.7, ,    49.9, ,   120.5, ,    12.3, ,    20.1, , -9999.9,M, -9999.9,M,    60.5, ,   127.9, ,   161.9, ,   152.9, ,
1942,    31.0, ,    27.8, ,   129.7, ,    17.5, ,    71.0, ,    85.4, ,    78.4, ,    81.0, ,    58.3, ,    10.0, ,    41.1, ,    39.6, ,   670.9, , -9999.9,M,   218.3, ,   244.8, ,   109.4, ,
1943,    51.5, ,    54.4, ,    51.5, ,     8.9, ,   150.7, ,    87.7, ,    72.2, ,   123.6, ,    28.1, ,    20.1, ,    46.1, ,     3.3, ,   698.1, ,   145.4, ,   211.1, ,   283.5, ,    94.4, ,
1944,    11.3, ,    31.5, ,    27.0, ,    17.5, ,    80.1, ,   238.9, ,    88.3, ,    72.3, ,    54.9, ,     8.7, ,    35.6, ,    32.3, ,   698.4, ,    46.1, ,   124.6, ,   399.5, ,    99.1, ,
1945,    19.2, ,    34.3, ,   105.6, , -9999.9,M, -9999.9,M, -9999.9,M, -9999.9,M, -9999.9,M, -9999.9,M, -9999.9,M, -9999.9,M, -9999.9,M, -9999.9,M,    85.8, , -9999.9,M, -9999.9,M, -9999.9,M,
1946, -9999.9,M, -9999.9,M, -9999.9,M,    24.3, ,    62.1, ,    66.0, ,   138.3, ,    62.3, ,   100.1, ,    41.8, ,    23.6, ,    23.5, , -9999.9,M, -9999.9,M, -9999.9,M,   266.6, ,   165.5, ,
1947,    52.8, ,    44.2, ,    27.8, ,    44.5, ,    20.1, ,   181.8, ,    26.5, ,   130.9, ,    28.9, ,    18.2, ,    44.1, ,    53.8, ,   673.7, ,   120.5, ,    92.4, ,   339.3, ,    91.3, ,
1948,    29.4, ,    23.2, ,    32.9, ,    95.7, ,    36.2, ,    86.3, ,   162.9, ,    85.7, ,     9.3, ,    15.9, ,    14.7, ,    61.3, ,   653.3, ,   106.4, ,   164.8, ,   334.9, ,    39.8, ,
1949,    13.0, ,    23.0, ,    31.4, ,    19.6, ,    97.5, ,    90.7, ,   170.1, ,    30.8, ,    44.5, ,    45.3, ,    51.1, ,    35.6, ,   652.4, ,    97.2, ,   148.5, ,   291.6, ,   141.0, ,
1950,    26.6, ,    17.8, ,    24.4, ,    25.5, ,    74.5, ,    98.4, ,   134.8, ,    22.4, ,    55.8, ,    50.4, ,    41.8, ,    24.9, ,   597.4, ,    80.0, ,   124.4, ,   255.6, ,   148.1, ,
1951,    25.1, ,    20.9, ,    37.6, ,    45.3, ,     6.1, ,    97.8, ,    46.1, ,   104.2, ,    60.1, ,    35.1, ,    28.3, ,    26.6, ,   533.2, ,    70.9, ,    89.0, ,   248.1, ,   123.5, ,
1952,    39.1, ,    20.2, ,    24.7, ,    12.1, ,    28.5, ,    33.3, ,    46.4, ,   131.6, ,    37.0, ,    24.1, ,    27.1, ,    18.2, ,   442.3, ,    86.0, ,    65.3, ,   211.4, ,    88.2, ,
1953,    52.9, ,    44.5, ,    57.4, ,    13.3, ,   117.3, ,   229.4, ,    85.7, ,    31.6, ,    84.8, ,    68.5, ,    12.1, ,    39.3, ,   836.7, ,   115.6, ,   187.9, ,   346.7, ,   165.4, ,
1954,    58.1, ,    16.1, ,     7.6, ,    53.0, ,    47.0, ,   149.6, ,    35.5, ,    45.6, ,   163.4, ,    13.8, ,    30.4, ,     6.1, ,   626.4, ,   113.5, ,   107.6, ,   230.7, ,   207.7, ,
1955,    55.2, ,    17.8, ,    40.3, ,    61.8, ,    57.2, ,   126.7, ,    35.3, ,    92.0, ,    38.0, ,    30.1, ,    73.2, ,    45.5, ,   673.0, ,    79.1, ,   159.3, ,   254.0, ,   141.3, ,
1956,    66.3, ,    49.4, ,    47.1, ,     8.5, ,    48.4, ,   222.8, ,    67.3, ,    49.8, ,    35.0, ,    36.1, ,    70.2, ,    91.7, ,   792.5, ,   161.1, ,   104.0, ,   339.8, ,   141.3, ,
1957,    16.6, ,    11.9, ,    42.2, ,    46.1, ,    28.9, ,    57.0, ,    66.0, ,    84.2, ,    30.3, ,    29.0, ,    33.8, ,    24.1, ,   470.1, ,   120.2, ,   117.2, ,   207.2, ,    93.2, ,
1958,    30.4, ,    28.2, ,    27.2, ,    26.3, ,    27.7, ,    85.6, ,    67.1, ,    54.0, ,    43.9, ,    33.0, ,    56.0, ,    42.9, ,   522.1, ,    82.8, ,    81.2, ,   206.6, ,   132.9, ,
1959,    17.0, ,    10.1, ,     8.9, ,    43.8, ,    79.3, ,   123.9, ,    26.3, ,    45.0, ,    58.4, ,    92.6, ,    29.2, ,    27.8, ,   562.2, ,    70.0, ,   131.9, ,   195.2, ,   180.2, ,
1960,    33.2, ,    20.4, ,    23.2, ,    33.6, ,    83.0, ,    29.5, ,    32.1, ,    93.8, ,    14.8, ,    17.7, ,    17.9, ,    37.3, ,   436.3, ,    81.4, ,   139.8, ,   155.3, ,    50.3, ,
1961,     8.8, ,    32.3, ,    16.1, ,    62.6, ,    32.4, ,     6.6, ,    35.3, ,    11.7, ,    73.8, ,    18.1, ,    35.6, ,    16.2, ,   349.5, ,    78.4, ,   111.1, ,    53.6, ,   127.5, ,
1962,    40.6, ,    44.0, ,    41.0, ,    28.2, ,   103.4, ,    47.8, ,    81.8, ,   157.8, ,    18.3, ,    22.1, ,    30.9, ,    36.1, ,   652.0, ,   100.7, ,   172.7, ,   287.3, ,    71.3, ,
1963,    18.3, ,    43.9, ,    32.7, ,    96.0, ,    54.9, ,   131.0, ,    71.2, ,    63.4, ,    43.6, ,     3.4, ,    30.7, ,    29.4, ,   618.4, ,    98.3, ,   183.6, ,   265.5, ,    77.8, ,
1964,    37.5, ,    14.0, ,    41.9, ,    12.9, ,    40.4, ,    32.4, ,   143.7, ,    46.7, ,    26.2, ,    11.1, ,    41.1, ,    39.2, ,   487.1, ,    80.9, ,    95.3, ,   222.7, ,    78.4, ,
1965,    22.1, ,    28.0, ,     9.8, ,    51.7, ,   106.1, ,    45.0, ,   129.0, ,    67.5, ,   135.0, ,     4.0, ,    49.1, ,    22.5, ,   669.8, ,    89.3, ,   167.6, ,   241.5, ,   188.0, ,
1966,    22.4, ,    13.2, ,    15.9, ,    46.4, ,    30.2, ,    77.9, ,    55.0, ,    95.5, ,    20.1, ,    21.9, ,    49.1, ,    29.9, ,   477.7, ,    58.1, ,    92.6, ,   228.5, ,    91.1, ,
1967,    42.8, ,    14.7, ,    50.7, ,    61.0, ,    21.7, ,    41.3, ,    70.6, ,    61.1, ,    12.1, ,    67.4, ,    34.9, ,    35.9, ,   514.1, ,    87.4, ,   133.3, ,   172.9, ,   114.4, ,
1968,    32.6, ,     8.0, ,    23.9, ,    24.2, ,    33.7, ,    48.1, ,    75.4, ,    85.9, ,    27.5, ,    21.1, ,    19.6, ,    21.6, ,   421.7, ,    76.5, ,    81.9, ,   209.4, ,    68.2, ,
1969,    56.6, ,    35.1, ,    32.1, ,     1.7, ,    60.1, ,   119.9, ,    46.7, ,    51.8, ,    74.8, ,    32.6, ,    20.1, ,    33.4, ,   565.0, ,   113.3, ,    93.9, ,   218.4, ,   127.6, ,
1970,    27.3, ,    21.2, ,    33.5, ,    85.4, ,    30.9, ,    71.2, ,   115.6, ,    20.5, ,   109.1, ,    56.2, ,    26.1, ,    42.2, ,   639.2, ,    81.9, ,   149.7, ,   207.3, ,   191.4, ,
1971,    23.6, ,    14.4, ,    26.7, ,    35.7, ,    10.5, ,   184.0, ,    75.3, ,    24.4, ,    36.9, ,   103.4, ,    50.1, ,    19.4, ,   604.4, ,    80.3, ,    72.9, ,   283.7, ,   190.4, ,
1972,    35.1, ,    14.8, ,    36.5, ,    25.6, ,    58.2, ,    49.9, ,    54.4, ,    45.9, ,    48.3, ,     8.8, ,    26.3, ,    36.3, ,   440.0, ,    69.3, ,   120.2, ,   150.2, ,    83.3, ,
1973,     8.9, ,    39.9, ,    21.2, ,    44.5, ,    50.9, ,   116.5, ,    48.3, ,    81.0, ,    99.0, ,    86.4, ,    66.1, ,    37.7, ,   700.5, ,    85.1, ,   116.7, ,   245.8, ,   251.5, ,
1974,    66.1, ,    29.9, ,    45.5, ,    40.5, ,   139.7, ,    15.0, ,    42.1, ,    55.1, ,    82.5, ,     9.6, ,     6.9, ,    22.5, ,   555.3, ,   133.7, ,   225.7, ,   112.1, ,    99.0, ,
1975,    55.3, ,    25.7, ,    51.2, ,    63.8, ,    47.3, ,    85.1, ,    65.4, ,   147.7, ,   179.2, ,    39.5, ,    21.5, ,    27.0, ,   808.7, ,   103.5, ,   162.3, ,   298.2, ,   240.3, ,
1976,    27.6, ,    42.4, ,    53.7, ,    23.9, ,     8.2, ,   208.5, ,    39.1, ,     8.0, ,    10.8, ,    10.9, ,     9.8, ,    46.8, ,   489.7, ,    97.0, ,    85.7, ,   255.6, ,    31.5, ,
1977,    10.8, ,    22.5, ,    23.7, ,     3.2, ,    97.1, ,    99.9, ,   205.9, ,    54.3, ,   107.3, ,    28.8, ,    25.7, ,    49.3, ,   728.5, ,    80.1, ,   124.0, ,   360.1, ,   161.8, ,
1978,    19.2, ,    12.5, ,     8.9, ,    28.1, ,    54.5, ,   130.9, ,   114.2, ,    56.2, ,   142.2, ,    37.8, ,    45.3, ,    37.6, ,   687.4, ,    81.1, ,    91.5, ,   301.3, ,   225.2, ,
1979,    14.7, ,    28.4, ,    93.3, ,    61.3, ,    81.0, ,    43.1, ,    49.1, ,    23.0, ,    63.0, , -9999.9,M, -9999.9,M,    58.8, , -9999.9,M,    80.6, ,   235.5, ,   115.1, , -9999.9,M,
1980,    41.6, ,    18.0, ,    13.7, ,     0.3, ,    20.1, ,    96.1, ,    84.7, ,   161.4, ,    74.8, ,    26.6, ,    29.7, ,    25.7, ,   592.7, ,   118.4, ,    34.1, ,   342.3, ,   131.1, ,
1981,    10.9, ,    17.4, ,    13.2, ,    22.7, ,    86.8, ,   104.6, ,    59.4, ,    62.9, ,    85.4, ,    34.0, ,     1.5, ,    17.5, ,   516.5, ,    54.0, ,   122.8, ,   227.0, ,   120.8, ,
1982,    26.1, ,    13.2, ,    46.0, ,    27.2, ,    64.8, ,    28.9, ,   105.8, ,    93.3, ,    68.0, ,    94.2, ,    13.8, ,    33.5, ,   614.9, ,    56.8, ,   138.0, ,   228.0, ,   176.1, ,
1983,    11.3, ,    51.5, ,    70.3, ,    11.9, ,    50.6, ,   121.1, ,    89.3, ,    17.5, ,    38.2, ,    38.5, ,    38.1, ,    12.6, ,   550.7, ,    96.3, ,   132.8, ,   227.8, ,   114.8, ,
1984,    13.5, ,    19.2, ,    24.4, ,    87.0, ,    70.1, ,   131.3, ,    33.2, ,    17.5, ,   104.0, ,    95.8, ,    74.4, ,    26.9, ,   697.3, ,    45.3, ,   181.5, ,   182.0, ,   274.2, ,
1985,    32.0, ,    19.4, ,     2.3, ,    12.0, ,    56.5, ,    93.8, ,    30.8, ,   186.6, ,    82.1, ,    18.2, ,    30.0, ,    27.0, ,   590.7, ,    78.2, ,    70.9, ,   311.2, ,   130.3, ,
1986,    20.9, ,    19.9, ,    46.2, ,    69.7, ,    68.3, ,    40.1, ,    73.1, ,    61.9, ,    79.5, ,    26.1, ,    38.8, ,    19.6, ,   564.1, ,    67.8, ,   184.1, ,   175.2, ,   144.4, ,
1987,    17.8, ,    57.8, ,    35.8, ,    18.5, ,    23.0, ,    68.8, ,    85.1, ,    51.8, ,    90.8, ,    38.9, ,     3.4, ,    19.6, ,   511.4, ,    95.2, ,    77.3, ,   205.8, ,   133.0, ,
1988,    28.7, ,    16.3, ,    47.2, ,    39.2, ,   131.2, ,    31.5, ,    59.5, ,    73.0, ,    36.8, ,    23.2, ,    19.2, ,    40.1, ,   545.8, ,    64.6, ,   217.5, ,   164.0, ,    79.2, ,
1989,    32.4, ,     7.8, ,    21.0, ,    11.7, ,    51.5, ,   141.6, ,    46.7, ,   150.2, ,    35.9, ,    53.8, ,    42.2, ,    21.6, ,   616.2, ,    80.2, ,    84.2, ,   338.5, ,   131.8, ,
1990,    43.9, ,    22.4, ,    60.4, ,    46.5, ,    71.0, ,   103.1, ,    75.0, ,    35.9, ,    25.5, ,    16.7, ,    20.9, ,    42.5, ,   564.1, ,    87.9, ,   178.0, ,   214.1, ,    63.1, ,
1991,    12.2, ,    21.9, ,    36.1, ,    43.5, ,    85.3, ,    61.9, ,   180.8, ,    20.1, ,    57.8, ,    58.5, ,    45.6, ,    42.4, ,   666.0, ,    76.6, ,   164.9, ,   262.7, ,   161.9, ,
1992,    32.4, ,    29.3, ,    25.6, ,    71.3, ,    90.5, ,    50.1, ,    99.7, ,    67.9, ,    82.1, ,    10.8, ,    19.6, ,    30.2, ,   609.6, ,   104.1, ,   187.4, ,   217.7, ,   112.5, ,
1993,    21.3, ,     4.4, ,    40.9, ,    53.5, ,    28.7, ,   121.8, ,    92.6, ,    90.1, ,    76.7, ,    15.9, ,     9.7, ,    26.6, ,   582.2, ,    55.9, ,   123.1, ,   304.5, ,   102.3, ,
1994,    32.7, ,    17.1, ,    12.3, ,    32.9, ,    41.6, ,   137.2, , -9999.9,M, -9999.9,M, -9999.9,M, -9999.9,M, -9999.9,M, -9999.9,M, -9999.9,M,    76.4, ,    86.8, , -9999.9,M, -9999.9,M,
1995,    95.8, ,    39.0, ,   110.8, ,    55.9, ,    41.6, ,    33.9, ,    63.1, ,    94.0, ,     7.0, ,    37.7, ,    76.4, ,    39.0, ,   694.2, , -9999.9,M,   208.3, ,   191.0, ,   121.1, ,
1996,    28.3, ,    12.7, ,    41.0, ,    67.0, ,    61.4, ,    64.7, ,   160.4, ,    56.1, ,    61.4, ,    54.1, ,    37.2, ,    84.9, ,   729.2, ,    80.0, ,   169.4, ,   281.2, ,   152.7, ,
1997,    50.0, ,    24.1, ,    18.2, ,    21.9, ,    50.6, , -9999.9,M, -9999.9,M,    43.8, ,    41.2, ,    33.7, ,     0.9, ,     0.0, , -9999.9,M,   158.9, ,    90.7, , -9999.9,M,    75.8, ,
1998, -9999.9,M,     8.1, ,     0.3, ,     4.1, ,    36.0, ,   133.0, ,    64.3, ,    41.3, ,    58.9, ,    61.9, ,     8.9, , -9999.9,M, -9999.9,M, -9999.9,M,    40.5, ,   238.6, ,   129.7, ,
1999,    16.1, , -9999.9,M,     4.1, ,     7.6, ,   129.4, ,    68.0, ,    52.1, ,    83.4, ,    98.0, ,    51.7, ,    12.1, ,     8.8, , -9999.9,M, -9999.9,M,   141.0, ,   203.5, ,   161.8, ,
2000,    32.6, ,     0.7, ,    23.0, ,    20.5, ,    13.2, ,    80.0, ,   136.8, ,    37.8, ,    81.0, , -9999.9,M,    99.9, ,    38.4, , -9999.9,M,    42.1, ,    56.7, ,   254.6, , -9999.9,M,
2001,     6.7, , -9999.9,M,    18.9, , -9999.9,M,    69.4, ,    77.3, ,    28.9, ,    23.5, ,    27.9, ,    37.0, ,    13.7, ,    30.0, , -9999.9,M, -9999.9,M, -9999.9,M,   129.6, ,    78.6, ,
2002,    13.8, ,     6.0, ,    42.6, ,    42.5, ,    17.6, ,    86.8, ,    28.8, ,   116.6, ,    21.5, ,    15.1, ,    12.6, ,    43.8, ,   447.7, ,    49.8, ,   102.8, ,   232.2, ,    49.1, ,
2003,    10.8, , -9999.9,M, -9999.9,M, -9999.9,M, -9999.9,M, -9999.9,M, -9999.9,M, -9999.9,M, -9999.9,M, -9999.9,M, -9999.9,M, -9999.9,M, -9999.9,M, -9999.9,M, -9999.9,M, -9999.9,M, -9999.9,M,
2004, -9999.9,M, -9999.9,M, -9999.9,M, -9999.9,M, -9999.9,M, -9999.9,M, -9999.9,M, -9999.9,M, -9999.9,M, -9999.9,M, -9999.9,M, -9999.9,M, -9999.9,M, -9999.9,M, -9999.9,M, -9999.9,M, -9999.9,M,
2005, -9999.9,M, -9999.9,M, -9999.9,M, -9999.9,M, -9999.9,M, -9999.9,M, -9999.9,M, -9999.9,M, -9999.9,M, -9999.9,M, -9999.9,M, -9999.9,M, -9999.9,M, -9999.9,M, -9999.9,M, -9999.9,M, -9999.9,M,
2006, -9999.9,M, -9999.9,M, -9999.9,M, -9999.9,M, -9999.9,M, -9999.9,M, -9999.9,M, -9999.9,M, -9999.9,M, -9999.9,M, -9999.9,M, -9999.9,M, -9999.9,M, -9999.9,M, -9999.9,M, -9999.9,M, -9999.9,M,
2007, -9999.9,M, -9999.9,M, -9999.9,M, -9999.9,M, -9999.9,M, -9999.9,M, -9999.9,M, -9999.9,M, -9999.9,M, -9999.9,M, -9999.9,M, -9999.9,M, -9999.9,M, -9999.9,M, -9999.9,M, -9999.9,M, -9999.9,M,
2008, -9999.9,M, -9999.9,M, -9999.9,M, -9999.9,M, -9999.9,M, -9999.9,M, -9999.9,M, -9999.9,M, -9999.9,M, -9999.9,M, -9999.9,M, -9999.9,M, -9999.9,M, -9999.9,M, -9999.9,M, -9999.9,M, -9999.9,M,
2009, -9999.9,M, -9999.9,M, -9999.9,M, -9999.9,M, -9999.9,M, -9999.9,M, -9999.9,M, -9999.9,M, -9999.9,M, -9999.9,M, -9999.9,M, -9999.9,M, -9999.9,M, -9999.9,M, -9999.9,M, -9999.9,M, -9999.9,M,
2010, -9999.9,M, -9999.9,M, -9999.9,M, -9999.9,M, -9999.9,M, -9999.9,M, -9999.9,M, -9999.9,M, -9999.9,M, -9999.9,M, -9999.9,M, -9999.9,M, -9999.9,M, -9999.9,M, -9999.9,M, -9999.9,M, -9999.9,M,
