6072225,EARLTON                  ,ON  ,station not joined, Monthly total of daily adjusted precipitation, mm, Updated to December 2011
6072225,EARLTON                  ,ON  ,station pas jointe, Total mensuel des chutes de précipitations quotidiennes ajustées, mm, Mise à jour jusqu à décembre 2011
Year,     Jan, ,     Feb, ,     Mar, ,     Apr, ,     May, ,     Jun, ,     Jul, ,     Aug, ,     Sep, ,     Oct, ,     Nov, ,     Dec, ,  Annual, ,  Winter, ,  Spring, ,  Summer, ,  Autumn
An  ,    Janv, ,     Fév, ,    Mars, ,     Avr, ,     Mai, ,    Juin, ,    Juil, ,    Août, ,    Sept, ,     Oct, ,     Nov, ,     Déc, ,  Annuel, ,   Hiver, ,Printemp, ,     Eté, , Automne
1939,    68.1, ,    64.7, ,    23.3, ,    52.0, ,   139.1, ,   127.0, ,    98.3, ,    90.2, ,    97.7, ,   111.9, ,    42.0, ,    71.1, ,   985.5, , -9999.9,M,   214.5, ,   315.5, ,   251.5, ,
1940,    65.4, ,    10.7, ,    33.6, ,    23.4, ,   100.9, ,   142.1, ,    47.4, ,   110.2, ,    92.7, ,    46.3, ,   102.4, ,    96.1, ,   871.2, ,   147.2, ,   158.0, ,   299.6, ,   241.4, ,
1941,    96.7, ,    77.0, ,     9.9, ,    62.8, ,    63.7, ,   148.5, ,   117.2, ,   136.3, ,   103.8, ,   115.1, ,    49.6, ,    56.5, ,  1037.1, ,   269.9, ,   136.5, ,   402.0, ,   268.5, ,
1942,    79.0, ,    32.4, ,    76.2, ,    20.9, ,    58.5, ,    62.6, ,    37.8, ,    53.0, ,   147.1, ,    42.3, ,    29.2, ,    56.9, ,   695.8, ,   167.9, ,   155.6, ,   153.4, ,   218.6, ,
1943,    67.3, ,    51.8, ,    72.9, ,    43.3, ,    56.3, ,   119.8, ,    58.2, ,    71.0, ,    99.2, ,    34.3, ,    55.0, ,    69.2, ,   798.3, ,   176.0, ,   172.5, ,   249.0, ,   188.5, ,
1944,    33.1, ,    45.3, ,    56.1, ,    37.9, ,    43.1, ,    58.7, ,    74.1, ,    55.5, ,   109.5, ,    49.4, ,    71.2, ,    51.1, ,   685.0, ,   147.6, ,   137.1, ,   188.3, ,   230.1, ,
1945,    30.4, ,    50.4, ,    52.1, ,    66.2, ,   178.8, ,    20.4, ,    82.7, ,    88.0, ,    90.9, ,    70.8, ,    51.7, ,    52.2, ,   834.5, ,   131.9, ,   297.1, ,   191.0, ,   213.5, ,
1946,    55.0, ,    65.9, ,    11.8, ,    56.4, ,    80.9, ,   107.7, ,    56.9, ,    93.7, ,    88.4, ,    54.4, ,    77.9, ,    92.8, ,   841.8, ,   173.0, ,   149.1, ,   258.3, ,   220.7, ,
1947,    49.9, ,    43.8, ,    47.7, ,    99.0, ,    86.7, ,   154.8, ,    93.6, ,    28.7, ,   121.5, ,     9.4, ,    27.2, ,    85.3, ,   847.7, ,   186.5, ,   233.5, ,   277.1, ,   158.1, ,
1948,    52.8, ,    20.3, ,    36.2, ,    56.8, ,    83.6, ,    68.9, ,   103.2, ,   141.5, ,    32.3, ,    74.6, ,    99.7, ,    61.5, ,   831.5, ,   158.4, ,   176.6, ,   313.6, ,   206.7, ,
1949,    88.2, ,    68.5, ,    74.9, ,    15.1, ,    58.8, ,   125.9, ,    71.7, ,    59.5, ,   114.8, ,    38.7, ,    50.7, ,    51.8, ,   818.6, ,   218.2, ,   148.8, ,   257.1, ,   204.2, ,
1950,   103.7, ,    61.6, ,    44.5, ,    44.9, ,    23.8, ,    68.7, ,   107.0, ,    54.7, ,    62.9, ,    70.6, ,   102.7, ,    37.8, ,   782.8, ,   217.1, ,   113.2, ,   230.4, ,   236.1, ,
1951,    57.0, ,    69.1, ,    85.0, ,    67.5, ,    32.5, ,   112.7, ,   122.6, ,   127.4, ,   103.2, ,   130.9, ,    75.9, ,    54.7, ,  1038.6, ,   163.8, ,   185.0, ,   362.8, ,   310.1, ,
1952,    54.1, ,    43.9, ,    74.4, ,    39.1, ,    64.7, ,    74.4, ,    93.5, ,    86.4, ,    92.1, ,    26.3, ,    91.6, ,    53.3, ,   793.7, ,   152.7, ,   178.2, ,   254.3, ,   209.9, ,
1953,    87.5, ,    33.4, ,    69.3, ,    66.3, ,    14.9, ,    58.0, ,    65.9, ,    91.7, ,   112.2, ,    31.7, ,    36.5, ,    47.9, ,   715.4, ,   174.3, ,   150.5, ,   215.6, ,   180.4, ,
1954,    45.9, ,    69.6, ,    60.1, ,    35.2, ,    62.0, ,   138.5, ,    78.0, ,    48.3, ,   173.6, ,   122.6, ,    82.6, ,    59.6, ,   976.2, ,   163.4, ,   157.3, ,   264.9, ,   378.9, ,
1955,    86.2, ,    21.8, ,    51.9, ,    32.8, ,    77.0, ,    18.8, ,    75.5, ,    96.4, ,    58.7, ,   195.0, ,   118.9, ,   105.2, ,   938.3, ,   167.7, ,   161.7, ,   190.7, ,   372.6, ,
1956,    32.2, ,    36.8, ,    32.4, ,    78.0, ,    99.7, ,   114.5, ,   112.0, ,    84.8, ,   151.9, ,    32.3, ,    81.3, ,    80.5, ,   936.4, ,   174.1, ,   210.1, ,   311.3, ,   265.6, ,
1957,    22.3, ,    59.3, ,     8.9, ,    38.1, ,    20.7, ,   239.3, ,    52.1, ,    32.0, ,   219.3, ,    57.3, ,    93.3, ,    83.4, ,   926.1, ,   162.0, ,    67.8, ,   323.5, ,   369.8, ,
1958,    50.2, ,    55.7, ,    35.0, ,    19.5, ,    90.8, ,    49.0, ,    64.4, ,    47.1, ,    83.5, ,   133.7, ,    47.2, ,    58.8, ,   735.0, ,   189.3, ,   145.3, ,   160.6, ,   264.4, ,
1959,    90.4, ,    17.1, ,    77.0, ,    70.1, ,    43.7, ,    61.0, ,    74.7, ,   110.4, ,   165.5, ,   128.1, ,   117.1, ,    53.9, ,  1008.9, ,   166.3, ,   190.7, ,   246.0, ,   410.8, ,
1960,    76.9, ,    99.6, ,    30.5, ,    59.9, ,   155.4, ,   243.4, ,    80.6, ,    85.3, ,   112.1, ,    53.1, ,    55.2, ,    42.5, ,  1094.4, ,   230.4, ,   245.8, ,   409.3, ,   220.4, ,
1961,    35.4, ,    41.1, ,    35.2, ,    67.1, ,    93.0, ,   101.9, ,    78.0, ,   113.3, ,   158.4, ,    41.9, ,    81.0, ,    50.9, ,   896.9, ,   118.9, ,   195.2, ,   293.1, ,   281.3, ,
1962,    73.3, ,    71.3, ,    31.9, ,    43.0, ,    72.3, ,    42.1, ,    90.3, ,   142.4, ,    62.6, ,    57.3, ,     9.8, ,    67.9, ,   764.4, ,   195.5, ,   147.1, ,   274.9, ,   129.8, ,
1963,    39.2, ,    40.5, ,    72.9, ,    76.7, ,    66.6, ,    47.0, ,    74.7, ,   215.2, ,    58.4, ,    22.8, ,   109.7, ,    48.0, ,   871.7, ,   147.5, ,   216.2, ,   337.0, ,   190.9, ,
1964,    93.2, ,    57.0, ,   117.4, ,    47.6, ,   129.5, ,   116.7, ,    32.5, ,   101.3, ,    67.5, ,    46.8, ,    59.6, ,   103.0, ,   972.0, ,   198.2, ,   294.5, ,   250.5, ,   173.8, ,
1965,    61.2, ,    96.3, ,    20.0, ,    22.7, ,    62.3, ,    35.8, ,    73.8, ,   181.7, ,   116.6, ,    79.9, ,   147.4, ,    81.8, ,   979.8, ,   260.5, ,   105.1, ,   291.4, ,   344.0, ,
1966,    87.4, ,    22.4, ,   125.5, ,    31.3, ,    35.2, ,    82.9, ,   127.2, ,   136.5, ,    98.3, ,    88.4, ,   231.2, ,    55.0, ,  1121.4, ,   191.6, ,   191.9, ,   346.6, ,   418.0, ,
1967,   130.2, ,   130.3, ,    45.1, ,   102.9, ,    71.8, ,   128.1, ,    60.9, ,    83.6, ,    57.1, ,   101.9, ,   137.5, ,    56.8, ,  1106.2, ,   315.5, ,   219.8, ,   272.7, ,   296.5, ,
1968,    33.9, ,    88.2, ,    43.7, ,    50.9, ,    32.1, ,   136.3, ,   106.5, ,    53.3, ,   115.6, ,    62.2, ,    66.1, ,    99.6, ,   888.3, ,   178.9, ,   126.7, ,   296.1, ,   243.9, ,
1969,    86.4, ,    42.3, ,    47.4, ,    34.1, ,    49.3, ,   125.0, ,   234.5, ,    37.6, ,    51.8, ,   136.5, ,   111.8, ,    70.7, ,  1027.5, ,   228.3, ,   130.9, ,   397.1, ,   300.1, ,
1970,    63.8, ,    39.4, ,    57.9, ,    54.3, ,   102.0, ,   108.7, ,   101.6, ,    36.2, ,   104.7, ,    32.9, ,    72.2, ,    68.3, ,   842.0, ,   173.8, ,   214.2, ,   246.5, ,   209.8, ,
1971,   146.3, ,    81.7, ,    96.9, ,    22.7, ,    60.9, ,    44.2, ,    77.1, ,    45.1, ,    61.9, ,    80.8, ,    81.8, ,   103.8, ,   903.3, ,   296.3, ,   180.5, ,   166.4, ,   224.5, ,
1972,    63.3, ,    89.0, ,   153.6, ,    55.0, ,    27.5, ,    73.1, ,    94.2, ,   126.0, ,    68.4, ,    55.1, ,    53.4, ,   119.1, ,   977.7, ,   256.1, ,   236.2, ,   293.3, ,   176.8, ,
1973,    53.0, ,    41.6, ,    73.8, ,    43.1, ,    87.9, ,   137.9, ,    65.7, ,    98.4, ,    74.3, ,    77.5, ,    63.7, ,    56.9, ,   873.7, ,   213.7, ,   204.8, ,   302.0, ,   215.4, ,
1974,   105.3, ,    93.2, ,    35.7, ,   121.1, ,    99.6, ,    64.8, ,    97.6, ,    63.8, ,   156.9, ,    63.4, ,    41.2, ,    66.6, ,  1009.2, ,   255.4, ,   256.3, ,   226.2, ,   261.5, ,
1975,   104.3, ,    38.9, ,    82.0, ,    39.9, ,    60.3, ,    83.8, ,    68.5, ,    50.5, ,    74.2, ,    53.7, ,    67.6, ,    54.6, ,   778.3, ,   209.8, ,   182.2, ,   202.8, ,   195.5, ,
1976,    67.1, ,   142.7, ,   112.5, ,    66.1, ,    86.0, ,    63.3, ,    82.5, ,    63.5, ,   195.7, ,    48.5, ,    67.0, ,    86.0, ,  1081.0, ,   264.4, ,   264.5, ,   209.4, ,   311.3, ,
1977,    55.0, ,    79.4, ,    76.8, ,    80.5, ,    20.1, ,   102.4, ,    47.5, ,    75.7, ,    69.0, ,    55.4, ,    70.0, ,    84.0, ,   815.9, ,   220.4, ,   177.4, ,   225.7, ,   194.4, ,
1978,   108.1, ,    18.3, ,    53.6, ,    54.6, ,    75.7, ,    98.1, ,    82.1, ,    89.1, ,   113.8, ,    65.3, ,    60.2, ,   136.5, ,   955.3, ,   210.3, ,   183.9, ,   269.2, ,   239.3, ,
1979,    81.5, ,    47.8, ,   188.8, ,    99.9, ,    95.3, ,   133.6, ,   113.8, ,   102.0, ,    86.9, ,   161.9, ,    82.9, ,    34.7, ,  1229.1, ,   265.8, ,   383.9, ,   349.4, ,   331.7, ,
1980,    49.8, ,    15.7, ,    95.9, ,   105.1, ,    38.8, ,    39.6, ,    91.0, ,    77.3, ,   135.2, ,    82.6, ,    67.0, ,    54.6, ,   852.8, ,   100.3, ,   239.8, ,   207.9, ,   284.9, ,
1981,    28.5, ,    67.9, ,    61.2, ,    73.4, ,    54.7, ,   101.9, ,    25.0, ,    78.3, ,    83.9, ,   108.6, ,    39.5, ,    44.7, ,   767.4, ,   151.0, ,   189.2, ,   205.2, ,   231.9, ,
1982,    95.4, ,    20.1, ,    20.0, ,    70.8, ,    37.5, ,    92.3, ,    33.8, ,    86.2, ,   114.9, ,    69.7, ,    46.4, ,    85.1, ,   772.2, ,   160.2, ,   128.3, ,   212.3, ,   231.1, ,
1983,    53.3, ,    63.1, ,    52.6, ,    50.5, ,   131.8, ,    54.5, ,    83.8, ,    72.5, ,    95.9, ,    93.6, ,    72.1, ,    92.0, ,   915.7, ,   201.4, ,   234.9, ,   210.9, ,   261.6, ,
1984,    50.2, ,    62.6, ,    26.8, ,    49.7, ,   118.5, ,   121.8, ,   132.7, ,   171.6, ,    81.2, ,    63.7, ,    77.0, ,    93.6, ,  1049.5, ,   204.8, ,   195.0, ,   426.1, ,   222.0, ,
1985,    39.6, ,    79.5, ,    67.8, ,    71.8, ,    59.4, ,    68.5, ,   174.8, ,    59.7, ,    90.7, ,    51.9, ,    80.6, ,    57.3, ,   901.6, ,   212.7, ,   199.1, ,   303.0, ,   223.2, ,
1986,    40.0, ,    16.4, ,    98.2, ,    63.6, ,    82.6, ,    60.0, ,    72.3, ,    67.8, ,   112.5, ,   101.8, ,    61.9, ,    58.1, ,   835.2, ,   113.7, ,   244.4, ,   200.1, ,   276.2, ,
1987,    36.0, ,    40.9, ,    45.6, ,    43.5, ,    45.5, ,    66.9, ,   104.2, ,    45.3, ,    71.8, ,    57.5, ,    51.9, ,    91.3, ,   700.4, ,   135.0, ,   134.6, ,   216.5, ,   181.1, ,
1988,    76.5, ,    89.9, ,    59.7, ,   115.1, ,    67.4, ,    63.9, ,    37.0, ,   171.5, ,    71.1, ,    72.3, ,    97.5, ,    60.9, ,   982.6, ,   257.7, ,   242.1, ,   272.5, ,   240.8, ,
1989,    67.8, ,    15.3, ,   108.0, ,    33.1, ,   130.6, ,   117.6, ,    88.9, ,   115.2, ,    27.8, ,    66.8, ,   115.3, ,    54.6, ,   940.9, ,   144.1, ,   271.7, ,   321.6, ,   209.9, ,
1990,    66.8, ,    55.6, ,    40.8, ,    38.8, ,    76.0, ,   123.3, ,    61.6, ,    82.4, ,    87.7, ,   129.8, ,    83.8, ,    52.8, ,   899.4, ,   177.0, ,   155.5, ,   267.3, ,   301.4, ,
1991,    55.3, ,    19.2, ,    77.9, ,    74.1, ,    40.1, ,    52.8, ,    66.6, ,    84.8, ,   109.5, ,   115.9, ,    42.8, ,    56.8, ,   795.7, ,   127.3, ,   192.1, ,   204.2, ,   268.2, ,
1992,    49.6, ,    61.1, ,    58.2, ,    53.0, ,    33.7, ,    52.4, ,   108.1, ,   126.3, ,   127.5, ,    59.0, ,    78.0, ,    69.0, ,   876.1, ,   167.5, ,   144.9, ,   286.9, ,   264.6, ,
1993,    38.5, ,    13.4, ,    22.9, ,    69.3, ,   117.7, ,    51.4, ,    72.5, ,   126.8, ,    72.4, ,   112.4, ,    75.3, ,    49.9, ,   822.4, ,   120.9, ,   209.8, ,   250.8, ,   260.1, ,
1994,    52.1, ,    40.5, ,    40.1, ,    45.3, ,    61.3, ,    91.0, ,    62.3, ,    81.4, ,    82.3, ,    49.5, ,    66.2, ,    34.0, ,   705.8, ,   142.5, ,   146.7, ,   234.7, ,   197.9, ,
1995,    67.4, ,    47.8, ,    56.5, ,    93.5, ,   140.0, ,    68.7, ,   135.4, ,    37.4, ,    96.7, ,    76.6, ,   117.3, ,    58.9, ,   996.2, ,   149.1, ,   290.0, ,   241.5, ,   290.6, ,
1996,    81.4, ,    54.7, ,    29.9, ,    80.7, ,    46.0, ,    79.0, ,   108.2, ,    64.7, ,   113.0, ,    78.7, ,    55.5, ,   108.8, ,   900.6, ,   195.1, ,   156.6, ,   251.8, ,   247.2, ,
1997,   110.8, ,    24.7, ,    50.5, ,    40.2, ,    88.7, ,    43.7, ,    66.1, ,    84.2, ,    69.5, ,    35.3, ,    50.2, ,    46.7, ,   710.7, ,   244.4, ,   179.4, ,   194.0, ,   155.0, ,
1998,    51.1, ,    20.3, ,   112.3, ,    53.4, ,    63.3, ,    87.0, ,    71.4, ,    51.0, ,   101.4, ,    25.7, ,    84.3, ,    57.8, ,   778.9, ,   118.2, ,   228.9, ,   209.3, ,   211.4, ,
1999,    78.6, ,    54.7, ,    10.5, ,    49.7, ,    55.0, ,   133.6, ,    88.4, ,    63.3, ,   102.5, ,   102.8, ,    58.4, ,    73.0, ,   870.6, ,   191.1, ,   115.2, ,   285.4, ,   263.7, ,
2000,   109.3, ,    27.5, ,    79.8, ,    23.1, ,    45.7, ,    75.6, ,   111.4, ,    99.9, ,    63.8, ,    47.2, ,   101.9, ,    62.5, ,   847.8, ,   209.8, ,   148.6, ,   286.9, ,   212.9, ,
2001,    41.7, ,    87.1, ,    36.4, ,    91.0, ,   136.5, ,    71.5, ,    43.2, ,   101.2, ,   186.7, ,   121.8, ,    89.1, ,    69.5, ,  1075.6, ,   191.4, ,   263.9, ,   215.8, ,   397.6, ,
2002,    48.2, ,   138.0, ,   139.8, ,    52.1, ,    52.9, ,   117.2, ,    76.6, ,    27.7, ,    70.6, ,   110.1, ,    91.8, ,    46.6, ,   971.6, ,   255.6, ,   244.7, ,   221.5, ,   272.6, ,
2003,    49.1, ,    53.0, ,    49.4, ,    50.6, ,    69.3, ,   115.3, ,   134.7, ,    75.4, ,   120.5, ,    96.6, ,    80.6, ,    79.3, ,   973.8, ,   148.6, ,   169.3, ,   325.4, ,   297.7, ,
2004,    72.7, ,    36.7, ,    87.7, ,    71.1, ,    87.7, ,    87.5, ,   164.5, ,    62.0, ,    35.6, ,    98.0, ,    62.2, ,    87.7, ,   953.5, ,   188.8, ,   246.6, ,   314.0, ,   195.8, ,
2005, -9999.9,M, -9999.9,M, -9999.9,M, -9999.9,M, -9999.9,M, -9999.9,M, -9999.9,M, -9999.9,M, -9999.9,M, -9999.9,M, -9999.9,M, -9999.9,M, -9999.9,M, -9999.9,M, -9999.9,M, -9999.9,M, -9999.9,M,
2006, -9999.9,M, -9999.9,M, -9999.9,M, -9999.9,M, -9999.9,M, -9999.9,M, -9999.9,M, -9999.9,M, -9999.9,M, -9999.9,M, -9999.9,M, -9999.9,M, -9999.9,M, -9999.9,M, -9999.9,M, -9999.9,M, -9999.9,M,
2007, -9999.9,M, -9999.9,M, -9999.9,M, -9999.9,M, -9999.9,M, -9999.9,M, -9999.9,M, -9999.9,M, -9999.9,M, -9999.9,M, -9999.9,M, -9999.9,M, -9999.9,M, -9999.9,M, -9999.9,M, -9999.9,M, -9999.9,M,
2008, -9999.9,M, -9999.9,M, -9999.9,M, -9999.9,M, -9999.9,M, -9999.9,M, -9999.9,M, -9999.9,M, -9999.9,M, -9999.9,M, -9999.9,M, -9999.9,M, -9999.9,M, -9999.9,M, -9999.9,M, -9999.9,M, -9999.9,M,
2009, -9999.9,M, -9999.9,M, -9999.9,M, -9999.9,M, -9999.9,M, -9999.9,M, -9999.9,M, -9999.9,M, -9999.9,M, -9999.9,M, -9999.9,M, -9999.9,M, -9999.9,M, -9999.9,M, -9999.9,M, -9999.9,M, -9999.9,M,
2010, -9999.9,M, -9999.9,M, -9999.9,M, -9999.9,M, -9999.9,M, -9999.9,M, -9999.9,M, -9999.9,M, -9999.9,M, -9999.9,M, -9999.9,M, -9999.9,M, -9999.9,M, -9999.9,M, -9999.9,M, -9999.9,M, -9999.9,M,
2011, -9999.9,M, -9999.9,M, -9999.9,M, -9999.9,M, -9999.9,M, -9999.9,M, -9999.9,M, -9999.9,M, -9999.9,M, -9999.9,M, -9999.9,M, -9999.9,M, -9999.9,M, -9999.9,M, -9999.9,M, -9999.9,M, -9999.9,M,
