7016960,ST CHARLES DE MANDEVILLE ,QC  ,station not joined, Monthly total of daily adjusted precipitation, mm, Updated to December 2010
7016960,ST CHARLES DE MANDEVILLE ,QC  ,station pas jointe, Total mensuel des chutes de précipitations quotidiennes ajustées, mm, Mise à jour jusqu à décembre 2010
Year,     Jan, ,     Feb, ,     Mar, ,     Apr, ,     May, ,     Jun, ,     Jul, ,     Aug, ,     Sep, ,     Oct, ,     Nov, ,     Dec, ,  Annual, ,  Winter, ,  Spring, ,  Summer, ,  Autumn
An  ,    Janv, ,     Fév, ,    Mars, ,     Avr, ,     Mai, ,    Juin, ,    Juil, ,    Août, ,    Sept, ,     Oct, ,     Nov, ,     Déc, ,  Annuel, ,   Hiver, ,Printemp, ,     Eté, , Automne
1921, -9999.9,M, -9999.9,M, -9999.9,M,    73.3, ,    19.9, ,    27.6, ,   134.6, ,    89.7, ,   122.5, ,   141.0, ,    99.2, ,   134.8, , -9999.9,M, -9999.9,M, -9999.9,M,   252.0, ,   362.7, ,
1922,    70.4, ,    72.1, ,    42.5, ,   102.1, ,    51.2, ,   222.5, ,    50.5, ,    54.5, ,    17.5, ,   109.8, ,    37.7, ,   116.7, ,   947.5, ,   277.3, ,   195.8, ,   327.5, ,   164.9, ,
1923,    70.7, ,    53.9, ,    95.2, ,   132.2, ,    97.4, ,    53.8, ,    71.7, ,   188.4, , -9999.9,M,   117.7, ,    58.1, ,    95.4, , -9999.9,M,   241.3, ,   324.8, ,   313.9, , -9999.9,M,
1924,   125.9, ,    67.3, ,    49.4, ,   178.6, ,   179.5, ,    99.1, ,   107.5, ,    71.2, ,   237.8, ,    14.5, ,   121.9, ,    72.5, ,  1325.3, ,   288.6, ,   407.5, ,   277.8, ,   374.2, ,
1925,    88.1, ,   151.9, ,   109.1, ,    51.7, ,   116.3, ,   103.2, ,   173.0, , -9999.9,M,   121.3, ,    73.4, ,    96.2, ,   102.3, , -9999.9,M,   312.5, ,   277.0, , -9999.9,M,   290.9, ,
1926,    44.5, ,    57.6, ,   120.0, ,    72.9, ,    49.1, ,    72.4, ,   116.9, ,   117.1, ,   122.6, ,    90.1, ,   169.7, ,    55.0, ,  1087.9, ,   204.4, ,   242.1, ,   306.4, ,   382.4, ,
1927,    50.5, ,   124.7, ,    35.1, ,    39.9, ,   158.2, ,   135.1, ,   128.5, ,    74.4, ,    93.2, ,   130.1, ,   206.2, ,   165.5, ,  1341.3, ,   230.2, ,   233.2, ,   338.0, ,   429.5, ,
1928,   146.3, ,    88.2, ,   100.6, ,    61.8, ,   137.5, ,    93.8, ,    88.7, ,    89.5, , -9999.9,M,   117.9, ,    70.4, ,    74.5, , -9999.9,M,   400.0, ,   299.9, ,   272.0, , -9999.9,M,
1929,   146.5, ,    70.4, ,    63.3, ,   115.6, ,   125.3, ,   114.2, ,    95.0, ,   122.1, ,    83.3, ,   116.3, ,    84.5, ,    83.0, ,  1219.4, ,   291.4, ,   304.2, ,   331.3, ,   284.0, ,
1930,   107.0, ,    68.5, ,    99.9, ,    56.8, ,   125.1, ,    87.6, ,   155.3, ,   112.9, ,    94.6, ,    41.8, ,    71.8, ,    42.7, ,  1064.1, ,   258.5, ,   281.9, ,   355.9, ,   208.2, ,
1931,    54.6, ,    53.3, ,    62.4, ,    48.2, ,    93.3, ,    78.0, ,    93.4, ,    36.0, ,   127.3, ,    46.4, ,    42.5, ,    54.7, ,   790.0, ,   150.6, ,   203.9, ,   207.3, ,   216.2, ,
1932,   101.4, ,    58.2, ,    96.7, ,    79.3, ,    20.0, ,    32.6, ,    71.8, ,   143.4, ,   107.2, ,   127.4, ,    72.9, ,    80.9, ,   991.7, ,   214.4, ,   196.0, ,   247.8, ,   307.4, ,
1933,    23.9, ,    56.9, ,    96.7, ,    80.0, ,    90.8, ,    51.7, ,    80.7, ,   179.3, ,    37.1, ,    64.5, ,   126.7, ,   103.6, ,   992.0, ,   161.7, ,   267.5, ,   311.7, ,   228.3, ,
1934,    86.5, ,    41.6, ,    75.3, ,    35.5, ,    40.8, ,    92.7, ,    96.8, ,    87.5, ,   133.0, ,    37.2, ,    63.3, ,   141.6, ,   931.9, ,   231.8, ,   151.6, ,   277.0, ,   233.6, ,
1935,    78.5, ,    38.6, ,    40.4, ,    81.9, ,    35.2, ,    89.4, ,    55.4, ,    62.6, ,   106.1, ,    38.0, ,   112.4, ,    33.5, ,   772.0, ,   258.7, ,   157.4, ,   207.5, ,   256.5, ,
1936,   123.2, ,    60.9, ,   219.3, ,    97.1, ,    88.8, ,    68.0, ,   118.8, ,   124.1, ,   132.3, , -9999.9,M, -9999.9,M, -9999.9,M, -9999.9,M,   217.6, ,   405.3, ,   310.8, , -9999.9,M,
1937, -9999.9,M, -9999.9,M,    79.9, ,    43.9, ,    50.4, ,    65.2, ,   130.1, ,   106.9, ,    42.0, ,   114.2, ,    93.0, ,   102.4, , -9999.9,M, -9999.9,M,   174.2, ,   302.3, ,   249.1, ,
1938,    62.9, ,    49.5, ,    40.1, ,    27.0, ,    63.0, ,    19.8, ,    86.0, ,   148.6, ,   140.4, ,    59.2, ,    18.7, ,   165.0, ,   880.2, ,   214.8, ,   130.1, ,   254.4, ,   218.3, ,
1939,   109.1, ,   161.0, ,    50.8, ,    32.0, ,    55.1, ,   101.2, ,   131.5, ,    44.5, ,    32.5, ,    62.9, ,    22.2, ,    65.0, ,   867.7, ,   435.1, ,   137.9, ,   277.3, ,   117.5, ,
1940,   118.6, ,    48.0, ,    75.6, ,    43.5, ,    31.2, ,    81.8, ,    44.5, ,    90.7, ,    36.3, ,     9.8, ,    93.0, ,    78.5, ,   751.6, ,   231.6, ,   150.3, ,   217.0, ,   139.1, ,
1941,    51.2, ,    15.7, ,    27.4, ,    23.3, ,    12.8, ,    22.4, ,    20.7, ,    46.2, ,    19.7, ,    49.6, ,    72.0, ,    63.1, ,   424.2, ,   145.3, ,    63.6, ,    89.4, ,   141.3, ,
1942,    87.2, ,    86.6, ,   105.6, ,    37.4, ,    71.7, ,    93.0, ,    99.4, ,    75.7, ,   151.8, ,    66.8, ,   137.3, ,   140.9, ,  1153.4, ,   236.9, ,   214.6, ,   268.1, ,   356.0, ,
1943,    80.1, ,    90.0, ,    72.6, ,    77.6, ,   111.5, ,   148.4, ,    61.5, ,    88.0, ,    41.4, ,   132.1, ,    74.2, ,    33.6, ,  1011.0, ,   311.0, ,   261.7, ,   297.9, ,   247.7, ,
1944,    52.8, ,    41.0, ,    50.8, ,    44.2, ,    86.5, ,    57.6, ,   109.1, ,    37.0, ,   104.2, ,    39.5, ,    82.6, ,   108.9, ,   814.1, ,   127.5, ,   181.5, ,   203.6, ,   226.3, ,
1945,   117.1, ,    58.9, ,    64.5, ,    89.8, ,   136.0, ,    61.9, ,    96.4, ,   133.5, ,    70.7, ,    85.1, ,   102.7, ,    80.7, ,  1097.3, ,   284.8, ,   290.3, ,   291.9, ,   258.5, ,
1946,    61.4, ,    58.1, ,    38.3, ,    77.3, ,    76.8, ,    85.5, ,    88.0, ,   116.1, ,    92.7, ,    92.8, ,    88.6, ,   145.3, ,  1020.9, ,   200.1, ,   192.4, ,   289.5, ,   274.1, ,
1947,    59.2, ,   112.0, ,    95.5, ,    74.9, ,   102.5, ,    82.6, ,   136.8, ,    38.9, ,    79.7, ,     7.2, ,    72.1, ,    41.9, ,   903.3, ,   316.6, ,   272.8, ,   258.3, ,   159.0, ,
1948,    38.6, ,    40.0, ,    62.2, ,    68.9, ,    42.3, ,    43.5, ,    46.0, ,    55.7, ,     5.4, ,    56.9, ,    92.0, ,    78.4, ,   629.9, ,   120.5, ,   173.4, ,   145.2, ,   154.3, ,
1949,    49.3, ,    73.6, ,    67.4, ,    73.3, ,    46.3, ,    75.3, ,    84.5, ,    35.7, ,    83.1, ,    31.7, ,    79.4, ,    61.2, ,   760.8, ,   201.2, ,   187.0, ,   195.5, ,   194.2, ,
1950,    88.3, ,   128.0, ,    89.6, ,    64.8, ,    35.2, ,   122.0, ,    97.1, ,    55.9, ,    40.8, ,    46.5, ,    93.5, ,    63.2, ,   924.9, ,   277.5, ,   189.5, ,   275.0, ,   180.8, ,
1951,   148.7, ,    88.7, ,   136.1, ,   135.1, ,    82.1, ,    87.3, ,    85.1, ,    76.9, ,    60.5, ,    68.6, ,    91.1, ,   118.1, ,  1178.4, ,   300.6, ,   353.4, ,   249.3, ,   220.2, ,
1952,    96.6, ,    97.2, ,    96.5, ,    76.7, ,   144.6, ,    83.9, ,   126.3, ,   134.2, ,    91.7, , -9999.9,M,    35.4, ,   137.7, , -9999.9,M,   311.9, ,   317.8, ,   344.4, , -9999.9,M,
1953,    87.1, ,    54.3, ,   111.8, ,    65.6, ,    44.9, ,    56.5, ,    57.9, ,    26.4, ,   164.5, ,    34.8, ,    83.5, , -9999.9,M, -9999.9,M,   279.1, ,   222.3, ,   140.8, ,   282.8, ,
1954, -9999.9,M,    93.5, ,    66.7, ,    83.4, , -9999.9,M,   106.9, ,    66.5, ,    81.0, ,   144.9, ,    60.6, , -9999.9,M,   109.8, , -9999.9,M, -9999.9,M, -9999.9,M,   254.3, , -9999.9,M,
1955,    27.6, ,    67.0, ,   102.8, ,    72.8, ,    83.1, ,    53.2, ,    59.0, ,   106.6, ,    85.5, ,    88.7, ,    46.7, ,    48.0, ,   841.1, ,   204.4, ,   258.7, ,   218.8, ,   220.9, ,
1956,    50.5, ,    66.1, , -9999.9,M,    61.5, ,    64.9, ,    42.0, ,    85.3, , -9999.9,M,    49.5, ,    29.3, ,    55.8, ,    42.1, , -9999.9,M,   164.6, , -9999.9,M, -9999.9,M,   134.5, ,
1957,    75.9, ,    24.7, ,    28.4, ,    17.8, ,    40.5, ,   116.4, ,   126.5, ,    50.6, ,    77.7, ,    67.4, ,    72.1, ,   120.1, ,   818.0, ,   142.7, ,    86.7, ,   293.4, ,   217.2, ,
1958,    73.0, ,   132.4, ,    31.4, ,    66.5, ,    59.6, , -9999.9,M,    96.7, ,   147.9, ,   119.6, ,    55.8, ,    80.0, ,    63.4, , -9999.9,M,   325.5, ,   157.5, , -9999.9,M,   255.4, ,
1959,   108.5, ,    30.5, ,    69.2, ,    46.7, ,    39.3, ,   105.6, ,    88.5, ,   101.3, ,    55.9, ,    93.5, ,    64.0, ,    29.7, ,   832.7, ,   202.4, ,   155.2, ,   295.4, ,   213.4, ,
1960,    54.1, ,   192.3, ,    54.0, ,    27.5, ,    76.7, ,   121.7, , -9999.9,M,    63.0, ,    63.6, ,    73.8, ,    90.0, , -9999.9,M, -9999.9,M,   276.1, ,   158.2, , -9999.9,M,   227.4, ,
1961,    47.8, ,    56.8, ,    43.2, ,    73.3, ,    39.3, , -9999.9,M,   102.6, ,    78.6, ,    34.0, ,    31.1, , -9999.9,M, -9999.9,M, -9999.9,M, -9999.9,M,   155.8, , -9999.9,M, -9999.9,M,
1962, -9999.9,M, -9999.9,M,    76.9, ,    68.1, ,    60.5, ,    68.6, ,   151.3, ,    62.4, ,   111.4, ,   108.1, ,    53.7, , -9999.9,M, -9999.9,M, -9999.9,M,   205.5, ,   282.3, ,   273.1, ,
1963,    66.0, ,    65.5, ,    62.6, , -9999.9,M,    52.8, ,    20.0, , -9999.9,M, -9999.9,M, -9999.9,M,     6.3, ,   185.4, , -9999.9,M, -9999.9,M, -9999.9,M, -9999.9,M, -9999.9,M, -9999.9,M,
1964,    79.8, ,    33.0, , -9999.9,M,    96.1, , -9999.9,M, -9999.9,M,    78.9, ,    91.9, ,    26.5, , -9999.9,M,   102.8, ,   107.5, , -9999.9,M, -9999.9,M, -9999.9,M, -9999.9,M, -9999.9,M,
1965,    61.3, ,    58.4, ,    20.8, ,    55.6, ,    56.2, ,    21.4, ,    58.9, ,   190.4, ,   166.9, ,   141.2, ,   106.4, ,    80.6, ,  1018.0, ,   227.2, ,   132.6, ,   270.6, ,   414.4, ,
1966,   116.8, ,    40.0, ,    55.9, ,    15.6, ,    34.8, ,   135.5, ,    49.9, ,    98.1, ,    28.4, ,    50.8, ,   110.8, ,   131.4, ,   868.1, ,   237.4, ,   106.3, ,   283.5, ,   190.0, ,
1967, -9999.9,M,    66.7, ,    13.5, ,    31.9, ,    60.6, ,   132.3, ,   122.1, ,   115.0, ,    66.0, ,    77.5, ,    91.5, ,    77.1, , -9999.9,M, -9999.9,M,   106.1, ,   369.4, ,   234.9, ,
1968,    56.5, ,    38.6, ,    93.9, ,    56.7, ,    34.0, ,    67.4, ,    72.7, ,    47.7, , -9999.9,M,    70.7, ,    91.5, ,   133.4, , -9999.9,M,   172.2, ,   184.7, ,   187.8, , -9999.9,M,
1969,    73.4, ,    20.1, ,    50.3, ,    73.5, ,    94.2, ,    77.7, ,    81.0, ,    97.6, ,    81.4, ,    53.9, ,   115.7, ,    76.0, ,   894.8, ,   226.9, ,   217.9, ,   256.3, ,   251.0, ,
1970,    24.8, ,    86.6, ,    74.0, ,    79.3, ,    79.0, ,   106.3, ,    92.5, ,    50.5, ,    94.2, ,    76.2, ,   109.7, ,    72.5, ,   945.6, ,   187.4, ,   232.2, ,   249.3, ,   280.1, ,
1971,    99.2, ,   137.0, ,    94.2, ,    41.7, ,    82.5, ,    65.2, ,   100.0, ,    98.4, ,   152.4, ,    60.9, ,    69.3, ,   111.2, ,  1112.0, ,   308.6, ,   218.4, ,   263.7, ,   282.6, ,
1972,    87.1, ,   130.9, ,   100.0, ,    36.8, ,    74.3, ,   155.9, ,   135.6, ,   122.3, ,    85.2, ,   116.2, ,   100.6, ,   157.5, ,  1302.2, ,   329.1, ,   211.1, ,   413.7, ,   301.9, ,
1973,    67.1, ,    85.0, ,   107.1, ,   120.1, ,   108.9, ,    66.6, ,    64.9, ,    53.6, ,    73.1, ,    89.0, ,    61.7, ,   131.0, ,  1028.1, ,   309.6, ,   336.1, ,   185.0, ,   223.8, ,
1974,    41.5, ,    40.7, ,    99.3, ,    57.9, ,   155.8, ,   109.7, ,   103.1, ,    49.0, ,    70.7, ,    53.7, ,    41.5, ,   127.1, ,   950.1, ,   213.2, ,   313.1, ,   261.8, ,   165.9, ,
1975,    99.1, ,    52.4, ,    92.8, ,    80.1, ,    61.9, ,    87.0, ,    65.0, ,    55.6, ,   109.9, ,    98.4, ,   131.9, ,   109.5, ,  1043.6, ,   278.6, ,   234.8, ,   207.6, ,   340.2, ,
1976,   116.5, ,   143.0, ,   113.8, ,    43.3, ,   141.1, ,   143.9, ,   110.5, ,    94.2, ,    91.4, ,   122.9, ,    40.5, ,   104.5, ,  1265.7, ,   369.0, ,   298.2, ,   348.7, ,   254.8, ,
1977,    75.6, ,    72.2, ,    92.4, ,    93.9, ,    30.0, ,   164.7, ,    60.5, ,    88.9, ,   119.4, ,   113.9, ,    89.1, ,   144.0, ,  1144.6, ,   252.3, ,   216.3, ,   314.1, ,   322.4, ,
1978,   132.6, ,     1.5, ,    79.3, ,    40.3, ,    46.8, ,   131.2, ,    50.9, ,    99.9, ,    68.7, ,    68.8, ,    89.5, ,   148.1, ,   957.8, ,   278.1, ,   166.5, ,   282.0, ,   227.1, ,
1979,   134.7, ,    21.9, ,    67.5, ,   119.9, ,   100.1, ,    67.9, ,   123.1, ,   132.0, ,   123.3, ,    98.5, ,    88.7, ,    92.2, ,  1170.0, ,   304.8, ,   287.5, ,   323.0, ,   310.6, ,
1980,    57.4, ,    32.8, ,    53.4, ,   135.5, ,    54.1, ,    49.3, ,   100.7, ,   120.2, ,   165.3, ,    95.7, ,    55.0, , -9999.9,M, -9999.9,M,   182.4, ,   242.9, ,   270.2, ,   316.0, ,
1981,    38.7, ,   170.4, ,   108.0, , -9999.9,M,   131.8, ,   168.5, , -9999.9,M,   118.8, ,   152.9, ,    96.3, ,    50.6, ,    59.5, , -9999.9,M, -9999.9,M, -9999.9,M, -9999.9,M,   299.8, ,
1982,    30.5, ,    30.4, ,    87.8, ,    53.9, ,    19.9, ,   135.3, ,    11.3, ,   133.4, ,   134.6, ,    50.0, ,   124.7, ,    89.0, ,   900.7, ,   120.4, ,   161.6, ,   279.9, ,   309.3, ,
1983,   103.7, ,   125.2, ,    94.1, ,   195.5, ,   260.2, ,    63.7, ,    44.9, ,    68.9, ,    91.1, ,   113.2, ,   201.7, ,   164.6, ,  1527.1, ,   317.9, ,   549.9, ,   177.6, ,   406.0, ,
1984,    37.4, ,    67.4, ,    48.9, ,   112.9, ,   116.0, ,    85.4, ,   158.0, ,   110.2, ,    55.6, ,    50.2, ,    96.1, ,   110.2, ,  1048.1, ,   269.4, ,   277.7, ,   353.5, ,   201.9, ,
1985,    37.4, ,    43.4, ,    98.3, ,    54.8, ,    23.2, ,   104.9, ,   120.1, ,    82.5, ,   134.3, ,    87.7, ,    73.7, ,    86.7, ,   947.0, ,   191.0, ,   176.4, ,   307.5, ,   295.7, ,
1986,   114.1, ,    23.9, ,    55.7, , -9999.9,M,   176.3, ,   149.0, ,   102.2, ,   132.9, ,   150.7, ,    73.5, ,    28.0, , -9999.9,M, -9999.9,M,   224.7, , -9999.9,M,   384.1, ,   252.2, ,
1987,    70.3, ,    18.7, ,    83.1, ,    31.7, ,   117.7, ,   167.7, ,   110.7, ,    65.0, ,   131.5, ,    79.7, ,   110.0, ,    41.7, ,  1027.8, , -9999.9,M,   232.4, ,   343.4, ,   321.3, ,
1988,    28.8, , -9999.9,M,    34.5, ,   120.8, ,    44.4, ,    76.8, ,    87.2, ,   137.3, ,    99.7, ,   131.7, ,   149.4, ,    43.3, , -9999.9,M, -9999.9,M,   199.7, ,   301.3, ,   380.8, ,
1989,    93.2, ,    40.5, ,    84.6, ,    39.0, ,   115.6, ,    81.8, ,    75.2, ,   108.0, ,   101.6, ,   134.9, ,   173.6, ,    46.9, ,  1095.0, ,   177.1, ,   239.2, ,   265.1, ,   410.1, ,
1990,   115.9, ,    60.1, ,    45.9, ,   112.3, ,    71.0, ,   121.5, ,    60.2, ,   122.1, ,   113.0, ,   135.7, ,    64.0, ,   111.5, ,  1133.2, ,   222.8, ,   229.2, ,   303.8, ,   312.7, ,
1991,    80.9, ,    53.4, ,    88.9, ,   125.5, ,   101.8, ,    63.8, ,    76.4, ,   238.4, ,    66.7, ,   129.7, ,    51.3, ,    57.0, ,  1133.7, ,   245.8, ,   316.2, ,   378.6, ,   247.6, ,
1992,    79.8, ,    75.3, ,   105.4, ,    36.1, ,    74.2, ,    68.9, ,   253.2, ,    95.3, ,   105.5, ,    85.3, ,   103.9, ,    54.4, ,  1137.3, ,   212.1, ,   215.7, ,   417.4, ,   294.8, ,
1993,    82.1, ,    61.8, ,    38.1, ,   125.1, ,   147.9, ,   130.9, ,    83.7, ,   148.5, ,   117.8, ,   172.8, ,   132.7, ,    75.1, ,  1316.5, ,   198.3, ,   311.1, ,   363.1, ,   423.3, ,
1994,    83.5, ,    55.9, ,    59.9, ,   112.5, ,   135.2, ,   202.3, ,   145.0, ,   181.0, ,    68.8, ,    32.1, ,   110.8, ,    59.0, ,  1246.1, ,   214.4, ,   307.6, ,   528.2, ,   211.8, ,
1995,   111.2, ,    39.7, ,    85.9, ,    88.9, ,   118.1, ,    70.6, ,   126.4, ,    96.6, ,    53.7, ,   130.2, ,   144.3, ,    79.1, ,  1144.8, ,   209.9, ,   292.9, ,   293.6, ,   328.2, ,
1996,   137.3, ,    99.8, ,    63.3, ,   165.3, ,    79.9, ,    73.4, ,   368.4, ,    75.0, ,   143.6, ,   143.1, ,   135.2, ,   132.4, ,  1616.6, ,   316.2, ,   308.6, ,   516.8, ,   421.8, ,
1997,   138.0, ,    91.7, ,    83.2, ,    75.2, ,    77.6, ,    50.9, ,   102.8, , -9999.9,M, -9999.9,M, -9999.9,M, -9999.9,M, -9999.9,M, -9999.9,M,   362.1, ,   235.9, , -9999.9,M, -9999.9,M,
1998, -9999.9,M, -9999.9,M, -9999.9,M,    53.8, ,    61.3, ,   173.7, ,   104.9, , -9999.9,M, -9999.9,M, -9999.9,M, -9999.9,M,    82.9, , -9999.9,M, -9999.9,M, -9999.9,M, -9999.9,M, -9999.9,M,
1999,   138.3, ,    63.7, ,   108.3, ,    35.9, ,    63.1, ,   138.3, ,   111.5, ,    61.3, ,   195.8, ,   122.9, ,   117.3, ,    86.4, ,  1242.9, ,   284.9, ,   207.4, ,   311.1, ,   436.0, ,
2000,   123.9, ,    42.2, ,    87.1, ,   107.1, ,   143.4, ,   143.8, ,   122.6, ,    69.3, ,   118.0, ,    57.2, ,    89.6, ,   150.0, ,  1254.2, ,   252.5, ,   337.6, ,   335.7, ,   264.8, ,
2001,    56.4, ,    83.8, ,    97.0, ,    29.0, ,    35.9, ,    80.6, ,   103.4, ,    96.8, ,    90.1, ,   101.8, ,    95.5, ,    57.8, ,   928.2, ,   290.2, ,   161.9, ,   280.8, ,   287.4, ,
2002,    60.3, ,    49.7, ,   111.0, ,    97.0, ,   144.5, ,    72.6, ,    94.4, ,    60.1, ,    97.7, ,   102.0, ,   110.0, ,    34.9, ,  1034.0, ,   167.8, ,   352.4, ,   227.1, ,   309.7, ,
2003,    43.1, ,    46.4, ,    70.4, ,    82.6, ,   109.1, ,    49.8, ,   155.0, ,   134.2, ,   111.3, ,   148.3, ,   168.9, ,   161.6, ,  1280.7, ,   124.4, ,   262.1, ,   339.0, ,   428.4, ,
2004,    73.5, ,    43.2, ,    73.9, ,     9.2, ,    83.5, ,    73.8, ,   174.4, ,    97.2, ,   120.6, ,    73.9, ,    88.3, ,   172.5, ,  1084.1, ,   278.3, ,   166.7, ,   345.4, ,   282.9, ,
2005,    45.7, ,    65.5, ,    66.8, ,   173.2, ,    54.9, ,   117.4, ,    60.2, ,    88.5, ,   180.1, ,   132.1, ,   111.1, ,   115.5, ,  1211.0, ,   283.7, ,   294.9, ,   266.1, ,   423.4, ,
2006,   122.7, ,    91.4, ,    34.1, ,   115.3, ,   173.9, ,   129.7, ,   172.8, ,   121.0, ,   137.7, ,   166.7, ,   110.4, ,    70.4, ,  1446.2, ,   329.6, ,   323.3, ,   423.5, ,   414.8, ,
2007,    59.0, ,    26.9, ,    82.0, ,   164.4, ,    55.4, ,   110.1, ,    87.2, ,   150.3, ,    94.9, ,   135.3, ,    75.8, ,   113.2, ,  1154.6, ,   156.4, ,   301.8, ,   347.6, ,   306.0, ,
2008,   109.4, ,   103.6, ,   114.6, ,    72.8, ,    78.0, ,   203.1, ,   158.5, ,   165.2, ,    94.8, ,   114.5, ,   130.3, ,   178.5, ,  1523.5, ,   326.3, ,   265.4, ,   526.9, ,   339.7, ,
2009,    92.3, ,    71.3, ,    64.5, ,    94.3, ,   104.3, ,   137.2, ,   141.9, ,    78.6, ,    68.6, ,   109.9, ,    42.6, ,   106.4, ,  1111.9, ,   342.1, ,   263.1, ,   357.8, ,   221.0, ,
2010,    95.6, ,    92.4, ,    25.7, , -9999.9,M,    38.7, ,    89.4, ,   122.9, ,   102.9, ,   228.7, ,    76.8, ,   173.2, ,   122.5, , -9999.9,M,   294.3, , -9999.9,M,   315.2, ,   478.7, ,
