709CEE9,LAC BERRY                ,QC  ,station joined    , Monthly total of daily adjusted precipitation, mm, Updated to December 2011
709CEE9,LAC BERRY                ,QC  ,station jointe    , Total mensuel des chutes de précipitations quotidiennes ajustées, mm, Mise à jour jusqu à décembre 2011
Year,     Jan, ,     Feb, ,     Mar, ,     Apr, ,     May, ,     Jun, ,     Jul, ,     Aug, ,     Sep, ,     Oct, ,     Nov, ,     Dec, ,  Annual, ,  Winter, ,  Spring, ,  Summer, ,  Autumn
An  ,    Janv, ,     Fév, ,    Mars, ,     Avr, ,     Mai, ,    Juin, ,    Juil, ,    Août, ,    Sept, ,     Oct, ,     Nov, ,     Déc, ,  Annuel, ,   Hiver, ,Printemp, ,     Eté, , Automne
1914,    97.8, ,    31.1, ,    34.4, ,    49.4, , -9999.9,M,    55.0, ,    58.6, ,   119.2, ,    65.2, ,    47.5, ,    89.8, ,    47.0, , -9999.9,M, -9999.9,M, -9999.9,M,   232.8, ,   202.6, ,
1915,    68.2, ,    28.2, ,    12.6, ,    58.2, ,    75.1, ,    97.8, ,    60.4, ,    69.8, ,   123.9, ,    84.1, ,    78.4, ,   103.2, ,   859.7, ,   143.3, ,   145.8, ,   227.9, ,   286.4, ,
1916,   156.4, ,    35.3, ,    48.8, ,    46.0, ,    75.2, ,    57.6, ,    71.2, ,    82.7, ,    96.1, ,    91.4, ,    97.7, ,    66.6, ,   925.0, ,   294.8, ,   170.0, ,   211.5, ,   285.2, ,
1917,    48.5, ,    44.1, ,   125.1, ,    79.4, ,    79.8, ,    86.4, ,   125.6, ,   119.5, ,    57.7, ,   114.3, ,    32.4, ,    63.2, ,   976.0, ,   159.2, ,   284.3, ,   331.5, ,   204.4, ,
1918, -9999.9,M,    11.8, ,    28.8, ,    19.2, ,   106.9, ,    86.7, ,   176.9, ,    87.2, ,   101.6, ,    96.5, ,   103.1, ,    80.2, , -9999.9,M, -9999.9,M,   154.8, ,   350.8, ,   301.2, ,
1919,    90.3, ,    36.8, ,    48.3, ,    91.6, ,    94.9, ,    41.4, ,   107.6, ,   163.4, ,   159.4, ,    83.1, ,   122.1, ,    75.1, ,  1113.9, ,   207.2, ,   234.9, ,   312.3, ,   364.6, ,
1920,    67.6, ,    48.4, ,    72.8, ,    71.3, ,    37.9, ,    54.0, ,    98.3, ,    74.0, ,    89.5, ,    69.8, ,    44.0, ,   124.9, ,   852.4, ,   191.1, ,   182.0, ,   226.3, ,   203.2, ,
1921,    90.5, ,    17.9, ,   113.2, ,    89.1, ,    38.8, ,    69.3, ,    99.1, ,   131.2, ,   141.3, ,    71.6, ,    72.3, ,   112.2, ,  1046.5, ,   233.4, ,   241.1, ,   299.6, ,   285.2, ,
1922,    69.1, ,    61.7, ,    43.3, ,   186.5, ,    48.5, ,    98.8, ,   172.9, ,   105.2, , -9999.9,M,   125.5, ,    79.9, ,    69.2, , -9999.9,M,   243.1, ,   278.4, ,   376.9, , -9999.9,M,
1923, -9999.9,M, -9999.9,M,    65.0, ,    83.0, ,    64.1, ,    98.3, ,    56.3, ,   139.8, ,   110.7, , -9999.9,M, -9999.9,M,   129.4, , -9999.9,M, -9999.9,M,   212.1, ,   294.4, , -9999.9,M,
1924,   100.1, ,    47.2, ,    14.7, ,    28.2, ,    63.1, ,    83.4, ,    93.7, ,   102.2, ,    92.6, ,    31.4, ,    34.4, , -9999.9,M, -9999.9,M,   276.8, ,   106.0, ,   279.3, ,   158.4, ,
1925, -9999.9,M,    72.3, , -9999.9,M, -9999.9,M,    27.7, ,    82.8, ,   133.7, ,    66.5, ,    93.8, ,    47.0, ,   102.2, , -9999.9,M, -9999.9,M, -9999.9,M, -9999.9,M,   282.9, ,   243.0, ,
1926, -9999.9,M, -9999.9,M, -9999.9,M, -9999.9,M,    17.8, ,    28.3, ,    98.5, ,    89.6, ,    85.5, ,    76.9, ,   180.8, , -9999.9,M, -9999.9,M, -9999.9,M, -9999.9,M,   216.4, ,   343.1, ,
1927,    27.9, ,     5.9, ,    26.4, ,    71.0, ,    73.8, ,   116.3, ,    89.4, ,   147.1, ,   161.7, ,    68.9, , -9999.9,M, -9999.9,M, -9999.9,M, -9999.9,M,   171.2, ,   352.8, , -9999.9,M,
1928, -9999.9,M, -9999.9,M, -9999.9,M, -9999.9,M, -9999.9,M, -9999.9,M, -9999.9,M, -9999.9,M, -9999.9,M, -9999.9,M, -9999.9,M,    24.9, , -9999.9,M, -9999.9,M, -9999.9,M, -9999.9,M, -9999.9,M,
1929,    72.7, ,    23.8, ,    69.5, ,    45.4, ,    94.2, ,   101.3, ,    73.1, ,    72.1, ,   163.6, ,    92.3, ,    60.0, ,    50.5, ,   918.4, ,   121.4, ,   209.1, ,   246.5, ,   315.9, ,
1930,    34.4, ,    44.2, ,    46.0, ,    62.9, ,    46.5, ,   209.0, ,   114.5, ,    63.9, ,    70.7, ,    38.2, ,    55.7, ,    35.3, ,   821.2, ,   129.0, ,   155.4, ,   387.4, ,   164.6, ,
1931,    45.6, ,    31.0, ,    29.4, ,    22.3, ,    79.0, ,    42.2, ,    93.6, ,    34.4, ,    99.1, ,    64.0, ,    73.9, ,    35.2, ,   649.6, ,   111.9, ,   130.6, ,   170.2, ,   237.0, ,
1932,    75.5, ,    62.0, ,    52.3, ,    19.4, ,    23.0, ,    71.8, ,   119.1, ,   160.8, ,   106.4, ,   182.6, ,    74.9, ,    53.7, ,  1001.4, ,   172.7, ,    94.6, ,   351.6, ,   363.9, ,
1933,    73.9, ,    52.7, ,    71.9, ,    99.5, ,    61.9, ,    55.9, ,    93.4, ,    23.9, ,    88.5, ,    29.0, ,    98.8, ,    61.8, ,   811.2, ,   180.3, ,   233.2, ,   173.2, ,   216.3, ,
1934,    29.1, ,    23.1, ,    34.2, ,    55.6, ,    52.8, ,   110.7, ,    92.9, ,    77.9, ,   131.4, ,    45.2, ,    90.4, ,    56.1, ,   799.5, ,   114.0, ,   142.6, ,   281.5, ,   267.1, ,
1935,    35.3, ,    14.2, ,   126.8, ,    24.2, ,     7.8, ,   112.8, ,    81.7, ,    78.2, ,    92.0, ,   101.7, ,    96.0, ,    48.2, ,   818.8, ,   105.6, ,   158.8, ,   272.7, ,   289.7, ,
1936,   108.9, ,    50.6, ,   101.8, ,    62.4, ,   134.8, ,    56.5, ,    74.1, ,    58.2, ,    90.1, ,   124.0, , -9999.9,M,    77.3, , -9999.9,M,   207.7, ,   299.0, ,   188.7, , -9999.9,M,
1937,   147.2, ,    89.0, ,    54.6, ,    54.8, ,    59.8, ,   134.3, ,   118.6, ,    63.4, ,   111.0, ,   116.6, ,    86.4, ,    64.8, ,  1100.4, ,   313.5, ,   169.1, ,   316.3, ,   314.0, ,
1938,   151.9, ,   109.0, ,    91.0, ,   113.8, ,    23.5, ,    72.9, ,   142.4, ,   183.1, ,   115.1, ,    54.2, ,    94.4, ,   140.0, ,  1291.3, ,   325.7, ,   228.2, ,   398.5, ,   263.6, ,
1939,    86.4, ,    97.2, , -9999.9,M,    69.8, ,   135.1, ,   167.8, ,   118.6, ,    69.3, ,    98.1, ,   135.4, ,    33.9, ,    81.7, , -9999.9,M,   323.6, , -9999.9,M,   355.7, ,   267.4, ,
1940,    44.2, ,    35.2, ,    64.9, ,    23.9, ,   170.2, ,   131.1, ,    86.3, ,   181.4, ,   106.4, ,    59.8, ,    90.7, ,   106.2, ,  1100.2, ,   161.1, ,   259.0, ,   398.8, ,   256.8, ,
1941,    41.3, ,    85.4, ,    29.5, ,    57.7, ,    86.7, ,    85.7, ,   141.6, ,   172.4, ,   129.1, ,   130.2, ,    62.4, ,    81.3, ,  1103.5, ,   232.9, ,   173.9, ,   399.8, ,   321.8, ,
1942,    44.1, ,    57.4, ,    60.7, ,    23.8, ,   105.7, ,    92.6, ,   117.7, ,    82.4, ,   135.7, ,    84.6, ,    56.8, ,    85.5, ,   947.0, ,   182.9, ,   190.1, ,   292.7, ,   277.1, ,
1943,    45.7, ,    69.2, ,    69.2, ,    38.2, ,    32.3, ,   174.9, ,    61.9, ,   110.7, ,   113.5, ,    60.5, ,    67.1, ,    60.7, ,   904.0, ,   200.4, ,   139.7, ,   347.5, ,   241.2, ,
1944,    44.1, ,    48.6, ,    58.4, ,    24.4, ,    75.5, ,    69.2, ,    90.2, ,   105.8, ,   145.0, ,    92.6, ,    95.0, ,    73.7, ,   922.5, ,   153.4, ,   158.4, ,   265.2, ,   332.6, ,
1945,    26.5, ,    76.7, ,    64.4, ,    90.2, ,   169.0, ,    67.7, ,   119.9, ,    82.5, ,   138.8, ,    68.1, ,    73.4, ,    20.8, ,   998.0, ,   176.8, ,   323.6, ,   270.2, ,   280.2, ,
1946,    34.2, ,    86.9, ,    30.0, ,    82.3, ,    66.1, ,    49.4, ,    83.5, ,   111.8, ,    68.7, ,    66.3, ,    59.2, ,    84.1, ,   822.5, ,   141.9, ,   178.5, ,   244.7, ,   194.1, ,
1947,    49.9, ,    57.6, ,    61.7, ,    43.2, ,    75.5, ,    36.5, ,   113.4, ,    78.0, ,   156.3, ,    19.7, ,    29.4, ,    70.3, ,   791.5, ,   191.6, ,   180.4, ,   227.8, ,   205.4, ,
1948,    49.8, ,    35.3, , -9999.9,M,    52.9, ,    77.8, ,    53.5, ,   136.8, ,    56.9, ,    55.4, ,    41.2, ,    97.4, ,    54.2, , -9999.9,M,   155.4, , -9999.9,M,   247.1, ,   194.0, ,
1949,   118.1, ,    57.3, ,    86.6, ,    17.5, ,    69.9, ,   191.6, ,    74.0, ,    48.5, ,   100.5, ,    63.6, ,   102.8, , -9999.9,M, -9999.9,M,   229.6, ,   174.1, ,   314.1, ,   266.8, ,
1950,    94.1, ,    47.2, , -9999.9,M,    32.4, ,    11.1, ,    77.4, ,    84.1, , -9999.9,M,    56.8, , -9999.9,M,   113.8, ,    49.4, , -9999.9,M, -9999.9,M, -9999.9,M, -9999.9,M, -9999.9,M,
1951,    70.8, ,    50.2, ,    57.6, ,    36.4, ,    25.4, ,   146.9, ,    59.1, ,    78.5, ,    88.6, ,    79.0, ,    96.6, ,    66.6, ,   855.8, ,   170.4, ,   119.4, ,   284.4, ,   264.3, ,
1952,    55.8, ,    49.9, ,    61.1, ,    34.9, ,    77.5, ,   103.5, ,   138.1, ,   101.8, ,   119.8, ,    44.2, ,   104.2, ,    66.2, ,   957.0, ,   172.4, ,   173.4, ,   343.4, ,   268.2, ,
1953,    94.0, ,    77.4, ,    29.3, , -9999.9,M,    29.2, ,    42.8, ,    61.5, ,    36.1, ,   194.8, ,    21.2, ,    58.5, ,    67.5, , -9999.9,M,   237.6, , -9999.9,M,   140.4, ,   274.6, ,
1954,    47.1, ,    48.4, ,    52.0, ,    25.3, ,   101.6, ,   120.1, ,    84.9, ,   107.9, ,   123.6, ,    77.4, ,    38.5, ,    82.2, ,   909.0, ,   163.0, ,   178.9, ,   312.8, ,   239.6, ,
1955,    52.8, ,    35.2, ,    53.0, ,    38.0, ,    63.3, ,    72.3, ,    67.1, ,    99.0, ,    88.5, ,   111.9, ,    44.1, ,    58.6, ,   783.8, ,   170.1, ,   154.3, ,   238.4, ,   244.5, ,
1956, -9999.9,M,    67.4, ,    29.5, ,    29.1, ,    65.9, ,    55.7, ,   163.0, ,    71.0, ,   125.6, ,    66.5, ,    58.6, ,    78.9, , -9999.9,M, -9999.9,M,   124.5, ,   289.8, ,   250.7, ,
1957,    35.0, ,    49.8, ,    19.1, ,    65.1, ,    43.4, ,   141.4, ,    76.9, ,    44.1, ,    85.6, ,    25.4, ,    64.9, ,    70.7, ,   721.3, ,   163.7, ,   127.6, ,   262.4, ,   175.9, ,
1958,    41.4, ,    88.2, ,    23.6, ,    38.3, ,    86.7, ,    65.2, ,   122.3, ,   208.5, ,    65.7, ,    86.8, ,    85.4, ,    58.8, ,   970.9, ,   200.3, ,   148.6, ,   395.9, ,   237.9, ,
1959,    93.9, ,    29.2, ,    60.4, ,    38.8, ,    75.2, ,    43.1, ,    56.8, ,   231.0, ,   116.1, ,    69.9, ,    95.4, ,    46.9, ,   956.7, ,   182.0, ,   174.4, ,   330.9, ,   281.4, ,
1960,    82.4, ,    85.2, ,    19.2, ,    46.3, ,   127.5, ,   238.1, ,   134.3, ,   110.9, ,    91.2, ,    41.7, ,    85.8, ,    81.0, ,  1143.7, ,   214.4, ,   193.0, ,   483.4, ,   218.7, ,
1961,    35.3, ,    64.6, ,    45.6, ,    37.1, ,    44.2, ,    48.4, ,    71.3, ,   115.3, ,   153.6, ,    99.3, ,    78.3, ,    99.3, ,   892.4, ,   180.9, ,   126.9, ,   235.0, ,   331.3, ,
1962,   108.6, ,    49.5, ,    17.6, , -9999.9,M, -9999.9,M, -9999.9,M, -9999.9,M, -9999.9,M, -9999.9,M, -9999.9,M, -9999.9,M, -9999.9,M, -9999.9,M,   257.5, , -9999.9,M, -9999.9,M, -9999.9,M,
1963,    39.7, ,    37.6, ,    56.1, ,    21.8, ,    46.2, ,    93.0, ,    90.0, ,   223.9, ,    74.5, ,    58.6, ,    78.9, ,    29.9, ,   850.2, , -9999.9,M,   124.1, ,   406.9, ,   212.0, ,
1964,    92.2, ,    39.4, ,    51.8, ,    32.6, ,    94.3, ,   255.9, ,   103.0, ,   116.3, ,   113.4, ,    41.1, ,    38.3, ,    76.7, ,  1055.1, ,   161.6, ,   178.7, ,   475.2, ,   192.8, ,
1965,    48.1, ,   111.3, ,     9.8, ,    21.7, ,   134.5, ,    43.3, ,   134.0, ,   133.4, ,   150.1, ,    95.9, ,    60.2, ,    37.2, ,   979.4, ,   236.0, ,   166.0, ,   310.7, ,   306.2, ,
1966,    58.3, ,    22.9, ,    73.5, ,    38.9, ,    47.9, ,    82.8, ,   181.6, ,   160.7, ,   126.3, ,    98.6, ,   174.3, ,    68.5, ,  1134.3, ,   118.3, ,   160.4, ,   425.2, ,   399.2, ,
1967,    96.6, ,    59.2, ,    32.0, ,    87.7, ,    76.1, ,    88.1, ,    61.9, ,   134.8, ,    85.8, ,   130.8, ,   116.5, ,    49.5, ,  1019.1, ,   224.3, ,   195.9, ,   284.7, ,   333.1, ,
1968,    31.9, ,    45.8, ,    46.4, ,    48.6, ,    22.0, ,   125.2, ,   196.0, ,    76.2, ,    77.3, ,    76.1, ,    45.2, ,   102.0, ,   892.6, ,   127.2, ,   116.9, ,   397.4, ,   198.7, ,
1969,    58.9, ,    21.9, ,    53.8, ,    43.2, ,    63.7, ,   103.5, ,    97.3, ,   205.7, ,    80.3, ,   107.0, ,   129.1, ,    65.8, ,  1030.2, ,   182.9, ,   160.7, ,   406.5, ,   316.4, ,
1970,    37.9, ,    48.8, ,    42.7, ,    48.3, ,    99.9, ,   128.7, ,    92.8, ,    98.7, ,    96.5, ,    51.1, ,    68.7, ,    53.4, ,   867.7, ,   152.6, ,   190.9, ,   320.3, ,   216.3, ,
1971,    68.9, ,    46.9, ,    65.8, ,    36.0, ,    37.5, ,    69.5, ,   156.8, ,    52.4, ,   144.2, ,    77.1, ,    76.5, ,    94.7, ,   926.4, ,   169.2, ,   139.2, ,   278.7, ,   297.9, ,
1972,    43.6, ,    55.9, ,    55.8, ,     9.1, ,    60.4, ,    96.6, ,   100.1, ,    74.6, ,   106.4, ,    66.3, ,    29.9, ,    77.1, ,   776.2, ,   194.3, ,   125.4, ,   271.4, ,   202.7, ,
1973,    63.5, ,    39.2, ,    55.7, ,    56.5, ,    86.8, ,   105.1, ,    88.9, ,   110.1, ,   145.1, , -9999.9,M,    54.6, ,    53.0, , -9999.9,M,   179.8, ,   199.0, ,   304.1, , -9999.9,M,
1974,    90.7, ,    53.3, ,    14.6, ,   104.3, ,   102.0, ,   106.1, ,    78.9, ,   104.0, ,   162.9, ,   103.2, ,    55.3, ,    53.8, ,  1028.9, ,   197.0, ,   220.9, ,   288.9, ,   321.4, ,
1975,    79.4, ,    21.8, ,    63.3, ,    61.4, ,    55.2, ,    97.5, ,   114.9, ,   122.8, ,    86.3, ,    73.3, ,    74.0, ,    56.4, ,   906.2, ,   154.9, ,   179.9, ,   335.3, ,   233.5, ,
1976,    63.5, ,    74.9, ,    81.3, ,    63.7, ,    91.7, ,    74.0, ,   145.2, ,    71.7, ,   159.4, ,    89.7, ,    68.9, ,    71.1, ,  1055.2, ,   194.8, ,   236.8, ,   290.9, ,   318.0, ,
1977,    32.3, ,    57.7, ,    74.8, ,    87.6, ,    14.7, ,   149.2, ,    79.8, ,   115.5, ,    75.7, ,    45.5, ,    66.1, ,    73.1, ,   871.9, ,   161.1, ,   177.1, ,   344.4, ,   187.3, ,
1978,    75.2, ,    14.4, ,    44.1, ,    55.3, ,    84.4, ,   140.3, ,    99.0, ,    81.3, ,    99.0, ,    75.5, ,    74.7, ,   102.3, ,   945.6, ,   162.6, ,   183.8, ,   320.6, ,   249.3, ,
1979,    73.0, ,    18.2, ,    94.1, ,    87.1, ,    75.4, ,   179.4, ,   182.2, ,   202.6, ,   108.0, ,   153.6, ,   100.0, ,    35.8, ,  1309.4, ,   193.5, ,   256.6, ,   564.1, ,   361.6, ,
1980,    45.5, ,    18.2, ,    99.9, ,    91.1, ,    74.4, ,    58.8, ,   156.5, ,   149.0, ,   145.9, ,    82.5, ,    73.7, ,    50.4, ,  1045.8, ,    99.5, ,   265.3, ,   364.3, ,   302.1, ,
1981,    31.6, ,    71.5, ,    48.0, ,    99.0, ,   107.8, ,    88.4, ,    74.3, ,    75.7, ,   116.4, ,   138.5, ,    65.6, ,    60.8, ,   977.4, ,   153.5, ,   254.7, ,   238.3, ,   320.5, ,
1982,    75.3, ,    24.4, ,    29.3, ,    88.9, ,    43.8, ,   131.9, ,   109.3, ,    94.3, ,   156.5, ,    77.5, ,    56.3, ,    79.5, ,   967.1, ,   160.5, ,   162.0, ,   335.5, ,   290.3, ,
1983,    37.1, ,    52.3, ,    88.1, ,    71.8, ,   129.6, ,    46.2, ,   108.8, ,    67.9, ,   150.2, ,    76.0, ,    67.1, ,    84.6, ,   979.6, ,   168.9, ,   289.5, ,   222.9, ,   293.3, ,
1984,    31.2, ,    46.7, ,    22.0, ,    58.5, ,   146.7, ,   119.1, ,   102.5, ,    65.8, ,    79.4, ,    70.4, ,   106.9, ,    89.6, ,   938.7, ,   162.5, ,   227.2, ,   287.4, ,   256.6, ,
1985,    58.7, ,    60.2, ,    72.2, ,    45.8, ,    69.5, ,    61.6, ,   127.2, ,    70.7, ,   100.1, ,    71.4, ,    89.6, ,    87.8, ,   914.7, ,   208.5, ,   187.5, ,   259.5, ,   261.1, ,
1986,    54.7, ,    19.5, ,    78.2, ,    92.7, ,   103.4, ,    88.6, ,    79.9, ,   157.9, ,   128.7, ,   116.1, ,    65.5, ,    64.3, ,  1049.5, ,   162.0, ,   274.3, ,   326.5, ,   310.3, ,
1987,    26.2, ,    17.6, ,    42.5, ,    52.4, ,   104.3, ,   194.9, ,   111.8, ,   116.3, ,   108.6, ,    74.7, ,    47.7, ,    94.2, ,   991.2, ,   108.1, ,   199.1, ,   423.0, ,   231.0, ,
1988,    91.7, ,    70.4, ,    58.7, ,    60.2, ,   102.0, ,   106.2, ,    61.1, ,   274.5, ,   137.4, ,   129.1, ,    86.5, ,    72.3, ,  1250.2, ,   256.4, ,   220.9, ,   441.9, ,   353.0, ,
1989,    68.8, ,     9.5, ,    93.0, ,    40.7, ,   127.9, ,   185.0, ,   149.9, ,    93.7, ,    84.5, ,   142.0, ,   143.5, ,    45.7, ,  1184.2, ,   150.6, ,   261.6, ,   428.7, ,   370.0, ,
1990,    77.7, ,    78.8, ,    53.4, ,    80.1, ,    91.3, ,   132.4, ,   130.0, ,    93.9, ,   144.4, ,   111.7, ,    69.3, ,    79.4, ,  1142.5, ,   202.2, ,   224.8, ,   356.3, ,   325.5, ,
1991,    75.8, ,    27.1, ,    76.7, ,    60.8, ,    84.1, ,    72.9, ,   131.7, ,    89.8, ,   125.6, ,    97.8, ,    75.2, ,    61.8, ,   979.4, ,   182.4, ,   221.6, ,   294.5, ,   298.6, ,
1992,    64.5, ,    42.4, ,    62.1, ,    72.2, ,    90.7, ,    55.8, ,    84.8, ,   129.9, ,   104.0, ,    73.9, ,    97.1, ,    70.1, ,   947.5, ,   168.7, ,   225.0, ,   270.5, ,   274.9, ,
1993,    37.3, ,    15.3, ,    35.0, ,    72.3, ,   117.8, ,    73.3, ,   164.6, ,    84.4, ,    81.6, ,   121.8, ,    95.5, ,    59.0, ,   958.0, ,   122.7, ,   225.1, ,   322.3, ,   298.9, ,
1994,    43.3, ,    33.9, ,    51.4, ,    74.8, ,    68.6, ,   101.9, ,    98.6, ,   114.8, ,    97.3, ,    65.7, ,    89.2, ,    45.6, ,   885.0, ,   136.2, ,   194.8, ,   315.3, ,   252.2, ,
1995,    75.5, ,    65.6, ,    63.6, ,    95.5, ,   102.0, ,    48.1, ,   145.5, ,    41.1, ,   116.0, ,   103.2, ,   170.3, ,    31.1, ,  1057.4, ,   186.8, ,   261.2, ,   234.6, ,   389.4, ,
1996,   110.8, ,    38.1, ,    30.6, ,    96.1, ,    36.1, ,    73.9, ,   120.3, ,    67.2, ,    66.3, ,    96.6, ,    79.5, ,   100.7, ,   916.1, ,   180.0, ,   162.7, ,   261.3, ,   242.4, ,
1997,   140.3, ,    39.4, ,    60.9, ,    36.3, ,    78.5, ,    87.4, ,   170.0, ,   119.4, ,   104.6, ,    35.0, ,    17.2, ,    18.6, ,   907.4, ,   280.4, ,   175.7, ,   376.7, ,   156.8, ,
1998,    55.5, ,    31.4, , -9999.9,M,     7.3, ,    44.6, ,    96.6, ,   124.6, ,    80.2, ,    65.1, ,    58.9, ,     6.0, ,    32.3, , -9999.9,M,   105.5, , -9999.9,M,   301.5, ,   130.0, ,
1999,    89.6, ,    64.9, ,    59.2, ,    25.6, ,    62.9, ,   130.8, ,    98.2, ,    86.1, , -9999.9,M,   108.1, ,    79.0, ,    47.0, , -9999.9,M,   186.9, ,   147.7, ,   315.1, , -9999.9,M,
2000,    71.9, ,    19.2, ,    64.3, ,    32.2, ,   114.9, ,   154.1, ,    89.3, ,   103.9, ,   112.0, ,    42.7, ,    82.0, ,    38.4, ,   925.0, ,   138.1, ,   211.4, ,   347.4, ,   236.7, ,
2001,    44.2, ,    69.8, ,    37.3, ,    75.2, ,    59.4, ,   100.7, ,    94.4, ,   100.1, ,   156.3, ,   121.9, ,    95.2, ,    91.6, ,  1046.3, ,   152.3, ,   172.0, ,   295.2, ,   373.4, ,
2002,    40.9, ,   117.2, ,   103.0, ,    49.2, ,    47.9, ,   126.6, ,   109.4, ,    39.4, ,   124.3, ,    85.6, ,    79.8, ,    35.7, ,   959.0, ,   249.7, ,   200.1, ,   275.5, ,   289.7, ,
2003,    30.4, ,    44.3, ,    28.6, ,    48.5, ,    57.9, ,   105.1, ,   147.3, ,   166.1, ,   115.5, ,   110.0, ,    67.9, ,    68.6, ,   990.1, ,   110.4, ,   135.0, ,   418.5, ,   293.4, ,
2004,    34.0, ,    43.0, ,    76.2, ,    22.8, ,    79.1, ,   115.0, ,   149.3, ,    80.4, ,    63.1, ,    45.4, ,    65.4, ,    85.4, ,   859.0, ,   145.6, ,   178.1, ,   344.7, ,   173.9, ,
2005,    50.7, ,    38.2, ,    32.2, ,    65.0, ,    61.0, ,    78.4, ,    36.7, ,    70.3, ,    73.2, ,   115.3, ,   122.7, ,    53.6, ,   797.3, ,   174.3, ,   158.2, ,   185.4, ,   311.3, ,
2006, -9999.9,M,    62.1, ,    44.3, ,    78.0, ,    48.9, ,    54.3, ,   121.4, ,    62.9, ,   105.4, ,   108.8, ,    61.0, ,    44.2, , -9999.9,M, -9999.9,M,   171.2, ,   238.6, ,   275.3, ,
2007,    27.2, ,    26.2, ,    45.7, ,    58.0, ,    70.5, ,   121.8, ,    55.7, ,   106.9, , -9999.9,M, -9999.9,M,    85.8, ,    69.1, , -9999.9,M,    97.6, ,   174.2, ,   284.4, , -9999.9,M,
2008,    72.5, ,    41.2, ,    45.1, ,    48.8, ,   126.5, , -9999.9,M,   186.9, ,    58.5, ,    87.9, , -9999.9,M,    77.0, ,    60.4, , -9999.9,M,   182.7, ,   220.4, , -9999.9,M, -9999.9,M,
2009,    32.9, ,    53.7, ,    37.2, ,    98.7, ,   101.5, ,    65.0, ,   196.4, ,   120.0, ,    87.0, ,    67.7, , -9999.9,M,    54.6, , -9999.9,M,   147.0, ,   237.4, ,   381.4, , -9999.9,M,
2010,    16.9, ,    18.6, ,     1.7, ,    28.9, ,    27.9, ,    35.8, ,    85.5, ,   116.5, ,   195.1, ,    31.2, ,    34.8, ,    41.8, ,   634.8, ,    90.1, ,    58.6, ,   237.8, ,   261.1, ,
2011,    37.2, ,    11.1, ,    13.2, ,    99.2, ,    45.7, ,   158.6, ,    81.1, ,    73.2, ,    84.5, ,   102.6, , -9999.9,M, -9999.9,M, -9999.9,M,    90.1, ,   158.2, ,   312.8, , -9999.9,M,
