7057600,ST PAMPHILE              ,QC  ,station not joined, Monthly total of daily adjusted precipitation, mm, Updated to December 2011
7057600,ST PAMPHILE              ,QC  ,station pas jointe, Total mensuel des chutes de précipitations quotidiennes ajustées, mm, Mise à jour jusqu à décembre 2011
Year,     Jan, ,     Feb, ,     Mar, ,     Apr, ,     May, ,     Jun, ,     Jul, ,     Aug, ,     Sep, ,     Oct, ,     Nov, ,     Dec, ,  Annual, ,  Winter, ,  Spring, ,  Summer, ,  Autumn
An  ,    Janv, ,     Fév, ,    Mars, ,     Avr, ,     Mai, ,    Juin, ,    Juil, ,    Août, ,    Sept, ,     Oct, ,     Nov, ,     Déc, ,  Annuel, ,   Hiver, ,Printemp, ,     Eté, , Automne
1951,   113.6, , -9999.9,M, -9999.9,M,    96.5, ,    80.4, ,   113.9, , -9999.9,M,   113.8, ,    51.8, , -9999.9,M,   114.5, ,   107.7, , -9999.9,M, -9999.9,M, -9999.9,M, -9999.9,M, -9999.9,M,
1952,    63.0, ,   119.9, , -9999.9,M, -9999.9,M,   107.3, ,   132.6, ,   115.6, ,   115.2, ,    52.4, ,   138.3, ,    66.5, ,   129.3, , -9999.9,M,   290.6, , -9999.9,M,   363.4, ,   257.1, ,
1953,    99.9, ,    67.5, ,   109.6, ,    37.3, ,   102.0, , -9999.9,M,   110.4, ,    42.5, ,    79.2, , -9999.9,M,    54.0, ,    79.6, , -9999.9,M,   296.8, ,   248.9, , -9999.9,M, -9999.9,M,
1954,    61.8, ,    56.4, ,    31.2, ,   127.9, ,   156.1, ,   175.1, ,   147.3, ,   110.2, ,   214.2, ,   104.5, ,    85.8, , -9999.9,M, -9999.9,M,   197.8, ,   315.2, ,   432.6, ,   404.5, ,
1955, -9999.9,M, -9999.9,M,   145.7, ,    70.3, ,    59.2, ,    63.1, ,   100.9, ,    82.3, ,    73.5, ,    21.3, ,    52.3, , -9999.9,M, -9999.9,M, -9999.9,M,   275.1, ,   246.2, ,   147.2, ,
1956,    69.8, , -9999.9,M,    55.7, ,    38.0, ,   120.3, ,   132.1, ,    78.5, ,    76.4, ,    98.5, ,    56.9, ,    83.7, ,    56.2, , -9999.9,M, -9999.9,M,   214.0, ,   287.0, ,   239.1, ,
1957,    70.4, ,    34.3, ,    84.4, ,    27.0, ,    60.0, ,   181.0, ,   139.9, ,    41.4, ,   125.5, ,    71.7, ,   101.5, ,   103.8, ,  1040.8, ,   160.9, ,   171.4, ,   362.3, ,   298.6, ,
1958,   101.7, ,    75.9, ,    70.8, ,    52.9, ,    45.9, , -9999.9,M,   143.4, ,   194.7, ,    80.3, ,    64.3, ,    87.7, , -9999.9,M, -9999.9,M,   281.4, ,   169.5, , -9999.9,M,   232.3, ,
1959,    25.1, ,    29.4, ,   105.4, ,    55.7, ,    20.3, ,   180.8, ,   106.3, ,   193.5, ,    51.8, ,    91.1, ,   128.0, ,    43.9, ,  1031.4, , -9999.9,M,   181.4, ,   480.6, ,   270.9, ,
1960,    79.7, ,   142.5, ,    60.8, ,    49.0, ,    93.1, ,   109.4, ,    73.3, ,    30.4, ,    90.8, ,    76.0, ,    91.0, ,   130.9, ,  1026.9, ,   266.1, ,   202.9, ,   213.1, ,   257.8, ,
1961,    83.6, ,    61.4, ,    82.3, ,    89.4, ,    95.1, ,   132.3, ,    78.6, ,   121.8, ,   149.5, ,    40.2, ,    72.9, ,    30.9, ,  1037.9, ,   275.9, ,   266.9, ,   332.7, ,   262.6, ,
1962,    26.0, ,    40.0, ,    22.0, ,   111.3, ,   149.6, ,   104.7, ,   184.5, ,   106.1, ,    97.4, ,   127.6, ,    63.0, ,   102.1, ,  1134.2, ,    96.8, ,   282.9, ,   395.3, ,   287.9, ,
1963,    57.4, ,    44.1, ,    77.2, ,   113.7, ,    34.7, ,    37.5, , -9999.9,M,   150.6, ,   111.8, ,   100.1, ,   163.7, ,    30.8, , -9999.9,M,   203.5, ,   225.6, , -9999.9,M,   375.7, ,
1964,   105.4, ,    31.0, ,    98.6, ,    40.9, ,    87.8, ,   139.0, ,    73.8, ,   157.3, ,    29.7, ,    76.6, ,    65.9, ,    70.8, ,   976.8, ,   167.2, ,   227.2, ,   370.1, ,   172.3, ,
1965,    44.5, ,    40.7, ,    18.1, ,    38.8, ,    53.4, ,    95.2, ,   102.9, ,   136.6, ,   123.9, ,   103.1, ,   109.3, ,    23.9, ,   890.5, ,   156.1, ,   110.3, ,   334.8, ,   336.4, ,
1966,    85.4, ,    46.2, ,    55.8, ,    12.3, ,    58.1, ,    55.3, ,   119.1, ,   100.6, ,   137.7, ,    86.7, ,   111.3, ,    66.1, ,   934.7, ,   155.5, ,   126.3, ,   275.0, ,   335.7, ,
1967,    61.9, ,    42.2, ,    14.7, ,    35.6, ,    77.0, ,    85.3, ,   139.4, ,   115.4, ,   111.2, ,   100.3, ,    82.5, ,    81.3, ,   946.8, ,   170.2, ,   127.3, ,   340.1, ,   294.0, ,
1968,    49.6, ,    58.3, ,   114.4, ,    59.8, ,    48.9, ,    69.7, ,    78.5, ,    65.8, ,    45.1, ,    63.6, ,    71.6, ,   106.9, ,   832.2, ,   189.2, ,   223.1, ,   214.0, ,   180.3, ,
1969,    64.0, ,    45.9, ,    29.2, ,    52.7, ,   121.0, ,    77.2, ,    81.8, ,   118.9, ,   132.8, ,    37.8, ,   147.5, ,   113.3, ,  1022.1, ,   216.8, ,   202.9, ,   277.9, ,   318.1, ,
1970,    21.4, ,    69.7, ,    46.3, ,   105.0, ,   101.0, ,    66.2, ,    86.6, ,   132.1, ,   159.4, ,   120.3, ,    54.2, ,    74.3, ,  1036.5, ,   204.4, ,   252.3, ,   284.9, ,   333.9, ,
1971,    51.0, ,    93.2, ,   127.6, ,    42.8, ,    89.2, ,    45.7, ,    95.5, ,   271.7, ,   103.2, ,    67.4, ,    90.0, ,    85.0, ,  1162.3, ,   218.5, ,   259.6, ,   412.8, ,   260.6, ,
1972,    43.0, ,   102.4, ,   150.4, ,    21.7, ,    55.9, ,   104.7, ,   111.1, ,   149.5, ,    93.9, ,   100.3, ,    76.3, ,   169.2, ,  1178.4, ,   230.3, ,   228.0, ,   365.3, ,   270.6, ,
1973,    30.1, ,   121.1, ,    65.3, ,   162.8, ,   131.0, ,    49.4, ,   117.9, ,   161.5, ,    77.7, ,    62.9, ,    67.8, ,   166.7, ,  1214.3, ,   320.4, ,   359.2, ,   328.8, ,   208.4, ,
1974, -9999.9,M,    62.9, ,   130.1, ,   120.4, ,   156.4, ,    66.1, ,   111.0, ,    85.3, ,   112.2, ,    32.0, ,    82.1, ,    51.7, , -9999.9,M, -9999.9,M,   406.9, ,   262.3, ,   226.3, ,
1975,   101.9, ,    18.9, ,    81.9, ,    86.6, ,    72.5, ,    74.5, ,   111.3, ,    56.5, ,   132.0, ,    80.6, ,   108.8, ,    66.6, ,   991.9, ,   172.5, ,   240.9, ,   242.2, ,   321.4, ,
1976,    82.7, ,   104.6, ,    75.4, ,   105.7, ,   132.2, ,   125.7, , -9999.9,M,   185.7, ,   111.4, ,   147.8, ,    50.4, ,   120.6, , -9999.9,M,   254.0, ,   313.3, , -9999.9,M,   309.6, ,
1977,    81.8, ,    96.4, ,    91.3, ,    43.9, ,    32.4, ,   158.1, ,    75.4, ,   117.2, ,   124.0, ,   145.3, ,    72.9, ,    66.6, ,  1105.3, ,   298.8, ,   167.6, ,   350.7, ,   342.2, ,
1978,   126.5, ,     7.2, ,    56.9, , -9999.9,M,    86.8, ,   113.2, ,    44.5, ,    56.3, ,    74.7, ,    64.9, ,    57.6, ,   114.6, , -9999.9,M,   200.2, , -9999.9,M,   213.9, ,   197.1, ,
1979,   110.6, ,    22.2, ,    93.7, ,   116.0, ,   162.7, ,    71.3, ,    51.4, ,   152.8, ,   158.4, ,    98.2, ,    68.9, ,    47.0, ,  1153.3, ,   247.5, ,   372.3, ,   275.5, ,   325.6, ,
1980,    47.5, ,    18.5, ,    77.0, ,    70.5, ,    56.9, ,    84.2, ,   146.5, ,    78.5, ,   119.4, ,    80.3, ,    88.1, ,    77.9, ,   945.5, ,   113.0, ,   204.5, ,   309.2, ,   287.9, ,
1981,    33.3, ,    64.8, ,   101.5, ,    68.1, ,   110.6, ,   158.6, ,   143.5, ,   240.8, ,   147.8, ,   156.3, ,    57.3, ,   107.3, ,  1389.8, ,   176.1, ,   280.2, ,   542.8, ,   361.4, ,
1982,    85.7, ,    37.7, ,    90.4, ,    50.4, ,    37.4, ,   124.6, ,    75.3, ,   137.1, ,   135.5, ,    49.5, ,    94.4, ,    93.4, ,  1011.3, ,   230.6, ,   178.1, ,   337.0, ,   279.4, ,
1983,    83.4, ,    67.1, ,    78.7, ,   205.3, ,   170.6, ,    81.8, ,   116.7, ,    87.3, ,    91.4, ,    87.1, ,   154.6, ,   141.0, ,  1364.9, ,   243.9, ,   454.5, ,   285.8, ,   333.1, ,
1984,    27.0, ,    70.2, ,    80.0, ,    40.3, ,   162.4, ,    85.5, ,   258.8, ,   110.2, ,    37.8, ,    49.8, ,    99.7, ,    84.6, ,  1106.3, ,   238.2, ,   282.7, ,   454.5, ,   187.3, ,
1985,    31.9, ,    60.2, ,    37.0, ,    52.2, ,   114.3, ,   149.2, ,   163.1, ,    51.7, ,    96.8, ,    99.5, ,    63.1, ,    58.3, ,   977.5, ,   176.7, ,   203.6, ,   364.0, ,   259.4, ,
1986,   147.7, ,    23.4, ,    58.6, ,    51.9, ,   153.7, ,   129.0, ,   199.1, ,   206.6, ,   152.9, ,    62.8, ,    65.9, ,    52.3, ,  1304.0, ,   229.4, ,   264.3, ,   534.7, ,   281.6, ,
1987,    57.8, ,     3.2, ,    70.0, ,    43.4, ,    98.1, ,   162.8, ,   111.2, ,   100.0, ,   143.3, ,   104.0, ,    91.3, ,    48.1, ,  1033.1, ,   113.4, ,   211.4, ,   374.0, ,   338.6, ,
1988,    49.6, ,    91.3, ,    32.4, ,    83.1, ,    47.0, ,    98.6, ,   123.3, ,   167.3, ,    96.4, ,    96.1, ,   106.8, ,    54.9, ,  1046.8, ,   189.0, ,   162.5, ,   389.2, ,   299.2, ,
1989,    56.1, ,    48.5, ,    56.3, ,    38.2, ,   172.0, ,   102.8, ,    70.0, ,    76.5, ,   119.5, ,   110.6, ,   121.8, ,    40.2, ,  1012.4, ,   159.5, ,   266.5, ,   249.2, ,   351.8, ,
1990,    98.4, ,    47.4, ,    77.0, ,    66.1, ,    96.5, ,    81.6, ,    58.8, ,   147.5, ,   139.4, ,   155.6, ,   134.6, ,   107.4, ,  1210.2, ,   186.0, ,   239.6, ,   287.8, ,   429.6, ,
1991,    71.6, ,    47.6, ,   102.4, ,    77.4, ,    93.2, ,    56.6, ,   125.1, ,   161.6, ,    75.0, ,   163.8, ,    39.0, ,    65.0, ,  1078.3, ,   226.6, ,   272.9, ,   343.3, ,   277.8, ,
1992,    88.0, ,    51.0, ,    67.1, ,    60.8, ,    43.5, ,   141.2, ,   204.1, ,   130.0, ,    80.8, ,    95.8, ,    60.2, ,    38.8, ,  1061.2, ,   204.0, ,   171.3, ,   475.3, ,   236.8, ,
1993,    40.6, ,    40.0, ,    65.1, ,   128.0, ,    72.1, ,   129.0, ,    95.9, ,   120.4, ,   132.1, ,   131.9, , -9999.9,M,    79.0, , -9999.9,M,   119.3, ,   265.1, ,   345.3, , -9999.9,M,
1994,   117.3, ,    68.2, ,    76.8, ,   170.3, ,   103.0, ,   204.3, ,   144.2, ,    89.9, ,   100.8, ,    35.7, ,   132.0, ,    67.7, ,  1310.3, ,   264.5, ,   350.1, ,   438.4, ,   268.5, ,
1995,   138.1, ,    94.8, ,    86.9, ,    54.2, ,    87.6, ,    63.8, ,   139.3, ,    90.5, ,    81.0, ,   142.0, ,   142.0, ,   129.0, ,  1249.1, ,   300.7, ,   228.6, ,   293.6, ,   365.0, ,
1996,   114.6, ,   127.5, ,    59.2, ,   156.0, ,   123.5, ,   100.2, ,   216.5, ,    82.1, ,   132.7, ,   104.4, ,    61.3, ,   131.8, ,  1409.7, ,   371.1, ,   338.7, ,   398.8, ,   298.3, ,
1997,   179.8, ,   118.8, ,    97.1, ,    57.7, ,   140.6, ,    84.7, ,    46.3, , -9999.9,M, -9999.9,M, -9999.9,M, -9999.9,M, -9999.9,M, -9999.9,M,   430.4, ,   295.3, , -9999.9,M, -9999.9,M,
1998, -9999.9,M, -9999.9,M, -9999.9,M, -9999.9,M, -9999.9,M, -9999.9,M, -9999.9,M, -9999.9,M, -9999.9,M, -9999.9,M, -9999.9,M, -9999.9,M, -9999.9,M, -9999.9,M, -9999.9,M, -9999.9,M, -9999.9,M,
1999, -9999.9,M, -9999.9,M, -9999.9,M, -9999.9,M, -9999.9,M, -9999.9,M, -9999.9,M, -9999.9,M, -9999.9,M, -9999.9,M, -9999.9,M, -9999.9,M, -9999.9,M, -9999.9,M, -9999.9,M, -9999.9,M, -9999.9,M,
2000, -9999.9,M, -9999.9,M, -9999.9,M, -9999.9,M, -9999.9,M, -9999.9,M, -9999.9,M, -9999.9,M, -9999.9,M, -9999.9,M, -9999.9,M, -9999.9,M, -9999.9,M, -9999.9,M, -9999.9,M, -9999.9,M, -9999.9,M,
2001, -9999.9,M, -9999.9,M, -9999.9,M, -9999.9,M, -9999.9,M, -9999.9,M, -9999.9,M, -9999.9,M, -9999.9,M, -9999.9,M, -9999.9,M, -9999.9,M, -9999.9,M, -9999.9,M, -9999.9,M, -9999.9,M, -9999.9,M,
2002, -9999.9,M, -9999.9,M, -9999.9,M, -9999.9,M, -9999.9,M, -9999.9,M, -9999.9,M, -9999.9,M, -9999.9,M, -9999.9,M, -9999.9,M, -9999.9,M, -9999.9,M, -9999.9,M, -9999.9,M, -9999.9,M, -9999.9,M,
2003, -9999.9,M, -9999.9,M, -9999.9,M, -9999.9,M, -9999.9,M, -9999.9,M, -9999.9,M, -9999.9,M, -9999.9,M, -9999.9,M, -9999.9,M, -9999.9,M, -9999.9,M, -9999.9,M, -9999.9,M, -9999.9,M, -9999.9,M,
2004, -9999.9,M, -9999.9,M, -9999.9,M,    11.3, , -9999.9,M, -9999.9,M, -9999.9,M, -9999.9,M, -9999.9,M, -9999.9,M, -9999.9,M, -9999.9,M, -9999.9,M, -9999.9,M, -9999.9,M, -9999.9,M, -9999.9,M,
2005, -9999.9,M, -9999.9,M, -9999.9,M, -9999.9,M, -9999.9,M, -9999.9,M, -9999.9,M, -9999.9,M, -9999.9,M, -9999.9,M, -9999.9,M, -9999.9,M, -9999.9,M, -9999.9,M, -9999.9,M, -9999.9,M, -9999.9,M,
2006, -9999.9,M, -9999.9,M, -9999.9,M, -9999.9,M, -9999.9,M, -9999.9,M, -9999.9,M, -9999.9,M, -9999.9,M, -9999.9,M, -9999.9,M, -9999.9,M, -9999.9,M, -9999.9,M, -9999.9,M, -9999.9,M, -9999.9,M,
2007, -9999.9,M, -9999.9,M, -9999.9,M, -9999.9,M, -9999.9,M, -9999.9,M, -9999.9,M, -9999.9,M, -9999.9,M, -9999.9,M, -9999.9,M, -9999.9,M, -9999.9,M, -9999.9,M, -9999.9,M, -9999.9,M, -9999.9,M,
2008, -9999.9,M, -9999.9,M, -9999.9,M, -9999.9,M, -9999.9,M, -9999.9,M, -9999.9,M, -9999.9,M, -9999.9,M, -9999.9,M, -9999.9,M, -9999.9,M, -9999.9,M, -9999.9,M, -9999.9,M, -9999.9,M, -9999.9,M,
2009, -9999.9,M, -9999.9,M, -9999.9,M, -9999.9,M, -9999.9,M, -9999.9,M, -9999.9,M, -9999.9,M, -9999.9,M, -9999.9,M, -9999.9,M, -9999.9,M, -9999.9,M, -9999.9,M, -9999.9,M, -9999.9,M, -9999.9,M,
2010, -9999.9,M, -9999.9,M, -9999.9,M, -9999.9,M, -9999.9,M, -9999.9,M, -9999.9,M, -9999.9,M, -9999.9,M, -9999.9,M, -9999.9,M, -9999.9,M, -9999.9,M, -9999.9,M, -9999.9,M, -9999.9,M, -9999.9,M,
2011, -9999.9,M, -9999.9,M, -9999.9,M, -9999.9,M, -9999.9,M, -9999.9,M, -9999.9,M, -9999.9,M, -9999.9,M, -9999.9,M, -9999.9,M, -9999.9,M, -9999.9,M, -9999.9,M, -9999.9,M, -9999.9,M, -9999.9,M,
