7027725,ST SEBASTIEN             ,QC  ,station joined    , Monthly total of daily adjusted precipitation, mm, Updated to December 2010
7027725,ST SEBASTIEN             ,QC  ,station jointe    , Total mensuel des chutes de précipitations quotidiennes ajustées, mm, Mise à jour jusqu à décembre 2010
Year,     Jan, ,     Feb, ,     Mar, ,     Apr, ,     May, ,     Jun, ,     Jul, ,     Aug, ,     Sep, ,     Oct, ,     Nov, ,     Dec, ,  Annual, ,  Winter, ,  Spring, ,  Summer, ,  Autumn
An  ,    Janv, ,     Fév, ,    Mars, ,     Avr, ,     Mai, ,    Juin, ,    Juil, ,    Août, ,    Sept, ,     Oct, ,     Nov, ,     Déc, ,  Annuel, ,   Hiver, ,Printemp, ,     Eté, , Automne
1915, -9999.9,M, -9999.9,M, -9999.9,M, -9999.9,M,    71.1, ,    87.3, ,    75.7, ,    76.0, ,    95.8, ,    95.7, ,    80.1, ,   186.1, , -9999.9,M, -9999.9,M, -9999.9,M,   239.0, ,   271.7, ,
1916,   112.3, ,   116.9, ,    77.3, ,    64.5, ,   104.1, ,   140.3, ,   113.1, ,    93.4, ,   126.7, ,    86.3, ,   109.7, ,   124.6, ,  1269.3, ,   415.2, ,   245.9, ,   346.9, ,   322.7, ,
1917,   160.8, ,    77.4, ,    85.3, ,    55.0, ,    74.4, ,   234.8, ,   102.8, ,   131.3, ,    45.9, ,   153.9, ,    72.6, ,   100.9, ,  1295.3, ,   362.9, ,   214.8, ,   468.9, ,   272.4, ,
1918,   117.1, ,   118.1, ,   137.1, ,    49.9, ,    77.5, ,   127.4, ,   135.6, ,    49.0, ,   131.9, ,   147.0, ,   136.0, ,   120.0, ,  1346.5, ,   336.1, ,   264.6, ,   311.9, ,   415.0, ,
1919,   133.9, ,    72.3, ,   142.8, ,   106.0, ,    56.2, ,    54.2, ,   115.5, ,    58.9, ,    51.0, ,    70.1, ,   114.4, ,    77.7, ,  1053.1, ,   326.2, ,   305.1, ,   228.6, ,   235.5, ,
1920,   152.5, ,   119.0, ,    82.0, ,   172.7, ,    35.7, ,    88.3, ,   152.4, ,    87.1, ,   178.0, ,    53.5, ,    80.4, ,   181.8, ,  1383.4, ,   349.2, ,   290.3, ,   327.8, ,   311.9, ,
1921,   110.5, ,    74.3, ,   124.2, ,    61.4, ,    26.2, ,    68.5, ,   115.9, ,    91.1, ,    59.1, ,   145.6, ,   137.4, ,   100.4, ,  1114.4, ,   366.6, ,   211.8, ,   275.5, ,   342.0, ,
1922,   105.6, ,    91.2, ,    49.8, ,    92.7, ,    45.9, ,   199.2, ,    54.2, ,   142.7, ,    21.1, ,   100.3, ,    90.9, ,   111.3, ,  1105.0, ,   297.3, ,   188.4, ,   396.2, ,   212.3, ,
1923,   114.5, ,    97.8, ,   151.7, ,   107.6, ,    80.3, , -9999.9,M,    95.3, ,    89.4, ,    86.0, ,    96.0, ,   114.0, ,   130.9, , -9999.9,M,   323.6, ,   339.6, , -9999.9,M,   296.1, ,
1924,   144.3, ,    94.5, ,    76.0, ,   150.5, ,    58.7, ,    45.8, ,   133.6, ,    58.3, ,   157.2, ,    40.7, ,    84.8, ,    74.4, ,  1118.9, ,   369.8, ,   285.2, ,   237.7, ,   282.7, ,
1925,   139.6, ,   124.9, ,    72.8, ,    67.8, ,    78.7, ,   230.5, ,   114.5, ,   111.2, ,   166.4, ,   166.1, ,    55.4, ,    58.7, ,  1386.7, ,   339.0, ,   219.3, ,   456.3, ,   387.9, ,
1926,   104.6, ,   109.8, ,    97.6, ,    83.2, ,    70.4, ,    82.7, ,    83.9, ,   118.8, ,    84.7, ,   118.1, ,    67.0, ,    54.8, ,  1075.6, ,   273.1, ,   251.2, ,   285.3, ,   269.8, ,
1927,    71.5, ,    65.5, ,    52.3, ,    23.8, ,   100.9, ,    96.0, ,    53.4, ,   122.7, ,    60.2, ,    57.7, ,   201.0, , -9999.9,M, -9999.9,M,   191.8, ,   177.0, ,   272.2, ,   318.8, ,
1928, -9999.9,M,    60.9, ,    23.9, ,    32.2, ,   138.2, ,   110.5, ,   122.0, ,   114.3, ,    97.0, , -9999.9,M,   104.1, ,    69.9, , -9999.9,M, -9999.9,M,   194.3, ,   346.9, , -9999.9,M,
1929,    82.2, , -9999.9,M,    42.8, ,   117.8, ,   123.2, ,    42.0, ,    35.9, ,    46.2, ,    65.8, ,    62.4, ,    20.1, ,   118.8, , -9999.9,M, -9999.9,M,   283.7, ,   124.2, ,   148.3, ,
1930,    98.9, ,    26.0, ,    74.5, , -9999.9,M, -9999.9,M, -9999.9,M, -9999.9,M, -9999.9,M, -9999.9,M, -9999.9,M, -9999.9,M, -9999.9,M, -9999.9,M,   243.8, , -9999.9,M, -9999.9,M, -9999.9,M,
1931,    81.8, ,    73.0, ,    21.1, , -9999.9,M,   108.8, ,   121.1, ,   172.4, ,    64.0, ,   120.0, ,    23.8, ,    43.1, ,    38.9, , -9999.9,M, -9999.9,M, -9999.9,M,   357.5, ,   186.9, ,
1932,    78.9, ,    22.2, ,    73.8, ,    94.3, ,    46.8, ,    81.6, ,    99.2, ,   100.0, ,    88.4, ,    45.8, ,    83.9, ,    55.3, ,   870.3, ,   140.1, ,   214.9, ,   280.7, ,   218.1, ,
1933,    59.1, ,    80.0, ,   137.9, ,   130.3, ,   106.8, ,    36.1, ,    40.0, ,    40.3, ,    44.2, ,    97.1, ,    96.2, ,   110.5, ,   978.4, ,   194.5, ,   374.9, ,   116.3, ,   237.6, ,
1934,    96.6, , -9999.9,M, -9999.9,M, -9999.9,M,    26.9, ,    88.3, ,   175.0, ,    29.1, ,    73.9, ,    74.9, ,   114.5, ,    45.7, , -9999.9,M, -9999.9,M, -9999.9,M,   292.4, ,   263.3, ,
1935, -9999.9,M,   128.1, ,    45.8, ,    61.6, ,    40.8, ,    58.3, ,    38.9, ,    16.8, ,    24.8, ,    13.1, , -9999.9,M,    62.0, , -9999.9,M, -9999.9,M,   148.2, ,   114.1, , -9999.9,M,
1936,   214.2, ,    96.5, , -9999.9,M, -9999.9,M,    30.5, , -9999.9,M, -9999.9,M, -9999.9,M, -9999.9,M, -9999.9,M,    91.2, ,    69.9, , -9999.9,M,   372.7, , -9999.9,M, -9999.9,M, -9999.9,M,
1937, -9999.9,M,   105.2, ,   104.3, ,    19.0, ,   124.3, ,    57.2, ,   118.8, ,    39.6, ,    40.7, ,   105.3, , -9999.9,M, -9999.9,M, -9999.9,M, -9999.9,M,   247.6, ,   215.6, , -9999.9,M,
1938, -9999.9,M,    94.7, , -9999.9,M,   101.0, , -9999.9,M,   110.8, ,   161.3, ,   175.9, ,    99.0, ,    47.5, ,    64.8, ,    79.5, , -9999.9,M, -9999.9,M, -9999.9,M,   448.0, ,   211.3, ,
1939,   127.1, ,   113.2, ,    70.5, ,    88.2, ,    80.1, ,   115.7, ,   171.4, ,   108.5, ,   177.3, ,    62.6, ,    36.4, ,    63.4, ,  1214.3, ,   319.8, ,   238.8, ,   395.6, ,   276.3, ,
1940,    44.6, ,    26.0, ,   131.8, ,    62.3, ,    41.3, ,   119.4, ,    62.9, ,    39.4, ,    53.4, ,    89.1, ,   172.7, , -9999.9,M, -9999.9,M,   134.0, ,   235.4, ,   221.7, ,   315.2, ,
1941, -9999.9,M, -9999.9,M,   121.9, ,    37.6, ,    56.7, ,    75.7, ,   129.6, , -9999.9,M,    39.8, ,    31.1, ,   113.0, ,    74.7, , -9999.9,M, -9999.9,M,   216.2, , -9999.9,M,   183.9, ,
1942,     9.5, ,   137.4, ,   118.1, ,    62.4, ,    45.1, ,   142.0, ,    55.4, ,    69.3, ,   113.2, ,    89.6, ,   118.1, ,    90.9, ,  1051.0, ,   221.7, ,   225.6, ,   266.6, ,   320.9, ,
1943,    33.4, ,   149.8, ,    88.8, ,   108.2, ,    51.3, ,   169.2, ,    66.6, ,    54.8, ,    24.9, ,   118.3, ,   115.6, ,    37.3, ,  1018.0, ,   274.1, ,   248.3, ,   290.5, ,   258.8, ,
1944,   111.5, , -9999.9,M,    76.8, , -9999.9,M, -9999.9,M,   117.8, ,   124.4, ,    15.7, ,    69.5, , -9999.9,M,    46.9, ,   109.6, , -9999.9,M, -9999.9,M, -9999.9,M,   258.0, , -9999.9,M,
1945,   169.0, ,    48.3, ,    37.3, ,   129.6, ,   136.3, ,   140.2, ,   100.2, ,    53.3, ,   176.5, ,   122.3, ,    96.1, ,    60.4, ,  1269.7, ,   326.9, ,   303.3, ,   293.8, ,   394.9, ,
1946,    55.8, ,   100.5, ,    38.8, ,    72.3, , -9999.9,M,    11.6, ,    57.3, ,   189.7, ,   104.1, ,   107.7, ,   128.6, ,   168.8, , -9999.9,M,   216.7, , -9999.9,M,   258.6, ,   340.3, ,
1947,    90.0, ,   168.3, ,    41.5, ,    92.0, ,   188.1, ,   122.5, ,   122.3, ,    60.3, ,    68.3, ,    46.5, ,    98.4, ,    74.6, ,  1172.8, ,   427.1, ,   321.6, ,   305.1, ,   213.2, ,
1948,    93.0, ,   113.0, ,   126.7, ,    98.0, ,   151.3, ,    35.6, ,    94.0, ,   135.9, ,    37.8, ,    80.0, ,   119.9, ,   160.1, ,  1245.3, ,   280.6, ,   375.9, ,   265.5, ,   237.8, ,
1949,   145.6, ,    92.2, ,   190.6, ,    43.4, ,    90.2, ,    77.6, ,    84.7, ,    92.4, ,    67.6, ,    75.2, ,   137.2, , -9999.9,M, -9999.9,M,   397.9, ,   324.1, ,   254.7, ,   280.0, ,
1950,   217.4, ,   129.4, ,   144.1, , -9999.9,M,    36.4, ,   152.2, ,   191.8, ,   185.3, ,    68.0, ,   128.1, ,   187.8, ,   124.2, , -9999.9,M, -9999.9,M, -9999.9,M,   529.3, ,   383.9, ,
1951,   103.3, ,   102.0, ,   110.2, ,   122.9, ,    30.8, ,   101.1, ,   129.6, ,   264.9, ,    77.2, ,    72.7, ,   112.7, ,   158.0, ,  1385.3, ,   329.5, ,   263.9, ,   495.6, ,   262.6, ,
1952,    71.3, ,   129.4, ,   106.2, ,    87.4, ,    92.6, ,   114.3, ,    48.1, ,    74.8, ,    73.9, ,   111.5, ,    60.3, ,   150.4, ,  1120.1, ,   358.7, ,   286.2, ,   237.2, ,   245.7, ,
1953,    94.9, ,    67.9, ,   118.9, ,    63.6, ,    89.1, ,   121.0, ,   174.4, ,    80.8, ,    77.4, ,    48.4, ,    51.4, ,   104.5, ,  1092.4, ,   313.1, ,   271.7, ,   376.2, ,   177.2, ,
1954,    81.8, ,   112.8, ,    50.5, ,   126.0, ,   112.7, ,   232.2, ,    65.0, ,   183.0, ,   192.4, ,   115.8, ,    63.7, ,   186.0, ,  1522.0, ,   299.2, ,   289.2, ,   480.2, ,   371.9, ,
1955,    76.1, ,    92.2, ,   121.0, ,    72.4, ,    71.4, ,    80.2, ,    57.2, ,   121.2, ,    41.5, ,    45.2, ,    65.9, ,    89.9, ,   934.2, ,   354.3, ,   264.8, ,   258.7, ,   152.5, ,
1956,   117.5, ,    92.6, ,    78.4, ,    86.8, ,   106.0, ,    84.8, ,    89.4, ,   136.8, ,   101.3, ,    60.2, ,    53.0, ,    89.7, ,  1096.5, ,   300.0, ,   271.2, ,   310.9, ,   214.6, ,
1957,    71.7, ,    68.8, ,    28.2, ,    32.9, ,    60.4, ,    87.9, ,    96.4, ,    44.8, ,   107.4, ,    38.7, ,    59.5, ,    98.8, ,   795.5, ,   230.2, ,   121.5, ,   229.1, ,   205.5, ,
1958,    79.9, ,    83.4, ,    82.4, ,    36.3, ,    36.7, ,   128.6, ,   154.1, ,   201.6, ,    79.1, ,   107.7, ,   101.6, ,    70.1, ,  1161.4, ,   262.1, ,   155.3, ,   484.2, ,   288.4, ,
1959,    98.4, ,    71.2, ,    63.5, ,    31.4, ,    83.4, ,   145.4, ,   124.3, ,   176.9, ,    35.4, ,   120.2, ,   235.6, ,    71.0, ,  1256.5, ,   239.7, ,   178.3, ,   446.5, ,   391.1, ,
1960,   119.0, ,   148.2, ,    69.2, ,    68.6, ,    75.2, ,   110.7, ,   120.1, ,    58.2, ,    87.9, ,    71.8, ,   126.6, ,    69.9, ,  1125.4, ,   338.2, ,   213.0, ,   289.0, ,   286.3, ,
1961,    42.1, ,    84.7, ,    58.1, ,    69.8, ,    85.9, ,   186.4, ,    72.0, ,   119.6, ,    92.1, ,    38.5, ,   115.2, ,    97.9, ,  1062.3, ,   196.7, ,   213.8, ,   378.0, ,   245.8, ,
1962,   134.0, ,    77.6, ,    76.8, ,    94.1, ,    74.1, ,   110.0, ,   136.4, ,    83.5, ,    62.5, , -9999.9,M,    79.0, ,   143.4, , -9999.9,M,   309.5, ,   245.0, ,   329.9, , -9999.9,M,
1963,    72.1, ,   161.6, ,    80.3, ,    84.0, ,    78.5, ,    46.0, ,   160.9, ,   228.1, ,   109.9, ,    49.4, ,   251.8, ,    75.1, ,  1397.9, ,   377.1, ,   242.8, ,   435.1, ,   411.1, ,
1964,   120.9, ,    40.3, ,   123.7, ,    58.0, ,   114.2, ,    50.6, ,   104.7, ,    92.4, ,    38.3, ,    65.5, ,   120.1, ,    91.3, ,  1020.1, ,   236.3, ,   296.0, ,   247.8, ,   223.8, ,
1965,    67.1, ,    71.1, ,    14.8, ,    47.1, ,    46.1, ,    68.4, ,    86.7, ,   152.6, ,    99.6, ,   248.1, ,   107.2, ,    65.5, ,  1074.3, ,   229.5, ,   108.0, ,   307.7, ,   454.8, ,
1966,   126.2, ,   110.7, ,    78.6, ,    25.4, ,    89.6, ,   202.5, ,   115.7, ,   125.0, ,   132.7, ,    82.0, ,    82.0, ,   109.7, ,  1280.1, ,   302.4, ,   193.6, ,   443.3, ,   296.8, ,
1967,    83.4, ,   115.5, ,    16.5, ,    69.1, ,    93.6, ,   161.2, ,   107.3, ,   219.9, ,    90.8, ,   109.3, ,   110.4, ,   112.9, ,  1290.1, ,   308.5, ,   179.3, ,   488.5, ,   310.6, ,
1968,    92.6, ,    68.9, ,    95.7, ,    83.3, ,    46.0, ,    59.2, ,   104.2, ,    50.3, ,   105.6, ,    73.0, ,   132.0, ,   143.4, ,  1054.3, ,   274.5, ,   225.0, ,   213.7, ,   310.7, ,
1969,   155.8, ,   104.5, ,    91.2, ,   167.8, ,   134.1, ,   188.2, ,   202.4, ,   122.3, ,   118.5, ,    45.7, ,   161.6, ,   145.5, ,  1637.4, ,   403.6, ,   393.1, ,   512.9, ,   325.8, ,
1970,    48.3, ,   130.0, ,    89.4, ,    73.5, ,   100.6, ,    99.6, ,    76.9, ,   113.5, ,   144.6, ,    49.8, ,    97.1, ,   138.9, ,  1162.1, ,   323.7, ,   263.5, ,   290.1, ,   291.5, ,
1971,    73.8, ,    93.8, ,   140.1, ,    73.6, ,    42.0, ,    74.4, ,    85.4, ,   184.2, ,    83.7, ,    70.3, ,    79.4, ,   142.7, ,  1143.3, ,   306.5, ,   255.8, ,   343.9, ,   233.3, ,
1972,   109.7, ,   130.0, ,   133.6, ,    87.1, ,    71.6, ,   105.5, ,   196.9, ,   103.0, ,    80.9, ,   127.3, ,   129.7, ,   186.8, ,  1462.0, ,   382.3, ,   292.3, ,   405.4, ,   337.9, ,
1973,   111.9, ,   131.8, ,   101.0, ,    65.1, ,   140.2, ,   116.8, ,    89.6, ,   208.1, ,   136.7, ,    73.1, ,    98.0, ,   155.7, ,  1428.0, ,   430.5, ,   306.3, ,   414.5, ,   307.9, ,
1974,   121.2, ,    59.1, ,   126.0, ,   182.0, ,   186.1, ,    97.8, ,   184.6, ,   126.8, ,    72.8, ,    70.2, ,   134.7, ,    58.9, ,  1420.0, ,   335.9, ,   494.0, ,   409.1, ,   277.7, ,
1975,   116.6, ,    83.7, ,   142.7, ,    74.7, ,    68.1, ,    50.0, ,   162.4, ,    90.5, ,   112.1, ,    96.0, ,    89.0, ,   119.6, ,  1205.4, ,   259.2, ,   285.5, ,   302.9, ,   297.1, ,
1976,   151.7, ,   172.4, ,   163.2, ,    71.6, ,   196.8, ,    84.8, ,   163.4, ,   212.3, ,    92.0, ,   121.1, ,   119.4, ,   138.5, ,  1687.1, ,   443.7, ,   431.6, ,   460.5, ,   332.5, ,
1977,   126.2, , -9999.9,M,   103.2, ,    68.4, ,    48.7, ,    92.3, ,    74.4, ,    96.1, ,   156.1, ,   165.9, ,   123.8, ,   125.2, , -9999.9,M, -9999.9,M,   220.3, ,   262.8, ,   445.8, ,
1978,   211.4, ,    73.3, ,   120.8, ,   106.3, ,    56.0, ,   194.5, ,    91.6, ,   115.5, ,    85.7, ,    93.6, ,    86.1, ,   133.9, ,  1368.8, ,   409.9, ,   283.2, ,   401.7, ,   265.4, ,
1979,   167.3, ,    31.2, ,    81.6, ,    81.5, ,   123.8, ,    89.6, ,    97.0, ,   136.7, ,   101.8, ,    80.1, ,    95.3, ,    97.8, ,  1183.8, ,   332.4, ,   286.9, ,   323.3, ,   277.2, ,
1980,    53.4, ,    42.1, ,    68.3, ,    53.8, ,    33.8, ,   102.4, ,   143.1, ,   111.3, ,   197.2, ,   103.6, ,    88.7, ,    98.5, ,  1096.0, ,   193.3, ,   155.8, ,   356.8, ,   389.4, ,
1981,    25.3, ,    86.3, ,   100.7, ,    80.3, ,    77.7, ,   134.5, ,   103.4, ,   224.2, ,   138.1, ,   162.4, ,    50.7, ,   127.2, ,  1310.8, ,   210.2, ,   258.7, ,   462.1, ,   351.1, ,
1982,    89.8, ,    60.2, ,   110.0, ,   116.0, ,    67.7, ,   141.1, ,    80.7, , -9999.9,M,    86.1, ,    59.6, ,   130.7, ,   105.7, , -9999.9,M,   277.2, ,   293.7, , -9999.9,M,   276.4, ,
1983,   112.0, ,    65.5, ,   118.2, ,   103.8, ,   163.3, ,    91.5, ,    66.6, ,   115.3, ,    82.1, ,    99.5, ,   187.0, ,   152.0, ,  1356.8, ,   283.2, ,   385.2, ,   273.4, ,   368.6, ,
1984,    55.1, ,   121.7, ,    74.8, ,    40.0, ,   177.4, ,   122.8, ,   165.2, ,    72.3, ,    56.5, ,    78.1, ,   101.9, ,   128.8, ,  1194.4, ,   328.8, ,   292.2, ,   360.3, ,   236.4, ,
1985,    38.2, ,    99.9, ,   104.3, ,    67.7, ,    86.4, ,   144.0, ,   176.4, ,    80.5, ,   153.8, ,   107.2, ,   129.6, ,   111.7, ,  1299.8, ,   266.9, ,   258.4, ,   400.9, ,   390.6, ,
1986,   159.7, ,    54.4, ,    92.0, ,    41.0, ,   113.4, ,   131.9, ,   113.6, ,   139.0, ,   146.5, ,    81.3, ,   125.5, ,    55.2, ,  1253.5, ,   325.8, ,   246.5, ,   384.6, ,   353.2, ,
1987,   128.8, ,    21.2, ,   102.6, ,    57.1, ,   118.0, ,   145.1, ,    99.9, ,    99.7, ,   127.8, ,   119.2, ,   126.2, ,    86.0, ,  1231.6, ,   205.2, ,   277.7, ,   344.7, ,   373.2, ,
1988,    86.7, ,    90.8, ,    51.3, ,    93.4, ,    33.0, ,   116.0, ,    84.8, ,   274.9, ,    77.5, ,    98.6, ,   139.3, ,    61.8, ,  1208.1, ,   263.5, ,   177.8, ,   475.8, ,   315.3, ,
1989,   103.5, ,    91.2, ,    88.3, , -9999.9,M, -9999.9,M,    79.4, ,    91.1, ,   228.9, ,    97.9, ,    94.5, ,   140.8, ,    84.7, , -9999.9,M,   256.5, , -9999.9,M,   399.4, ,   333.1, ,
1990,   143.5, ,    92.7, ,    74.3, ,    83.0, ,   112.6, ,   259.8, ,   107.7, ,   175.1, ,   107.2, ,   186.5, ,   108.4, ,   149.6, ,  1600.3, ,   320.9, ,   269.9, ,   542.6, ,   402.1, ,
1991,   122.8, ,    69.2, ,   103.1, ,   128.2, ,   119.0, ,    62.6, ,    59.2, ,   159.2, ,   102.6, ,   134.8, ,    75.6, ,    74.1, ,  1210.5, ,   341.6, ,   350.4, ,   281.0, ,   313.0, ,
1992,    82.6, ,   118.8, ,   101.1, ,    48.3, ,    31.9, ,    87.7, ,   161.4, ,    73.9, ,   111.0, ,    90.0, ,    85.1, ,    69.9, ,  1061.7, ,   275.4, ,   181.4, ,   322.9, ,   286.1, ,
1993,   130.9, ,    66.7, ,    88.3, ,   109.9, ,   105.3, ,   147.0, ,   117.0, ,   171.7, ,   167.6, ,   147.1, ,    75.8, ,    90.4, ,  1417.6, ,   267.5, ,   303.5, ,   435.7, ,   390.5, ,
1994,   133.3, ,    97.9, ,    88.7, ,   151.8, ,   111.9, ,   141.5, ,   159.0, ,    92.8, ,   132.6, ,    54.3, ,   103.4, ,    79.8, ,  1347.2, ,   321.6, ,   352.4, ,   393.3, ,   290.4, ,
1995,   131.7, ,    99.3, ,    90.3, ,    75.9, ,   115.5, ,    54.4, ,   183.4, ,   114.8, ,   110.3, ,   181.7, ,   129.3, ,   164.2, ,  1450.8, ,   310.7, ,   281.8, ,   352.6, ,   421.3, ,
1996,    77.2, ,   142.5, ,    38.5, ,   194.9, ,   114.5, ,   185.6, ,   231.8, ,    70.8, ,   113.9, ,    73.6, ,    81.6, ,   138.8, ,  1463.5, ,   383.8, ,   347.9, ,   488.1, ,   269.0, ,
1997,   137.5, ,   123.9, ,   106.0, ,    66.0, ,    98.8, ,    89.6, ,   126.5, ,   177.1, ,    91.0, ,    47.0, ,   108.9, ,   111.1, ,  1283.4, ,   400.2, ,   270.8, ,   393.2, ,   246.9, ,
1998,    91.7, ,    83.5, ,    84.8, ,    66.1, ,    64.1, ,   170.5, ,   133.8, ,   105.8, ,   104.9, ,   101.3, ,    66.7, ,    88.2, ,  1161.3, ,   286.3, ,   215.0, ,   410.0, ,   273.0, ,
1999,   121.7, ,    57.3, ,    96.6, ,    54.2, ,    73.4, ,   196.7, ,   149.2, ,   131.8, ,   192.8, ,   137.5, ,    97.2, ,    99.4, ,  1407.8, ,   267.2, ,   224.2, ,   477.7, ,   427.5, ,
2000,   132.5, ,    87.8, ,    85.5, ,   121.0, ,   173.3, ,   139.6, ,   104.5, ,    98.4, ,   103.7, ,   100.9, ,   117.4, ,   217.7, ,  1482.3, ,   319.7, ,   379.9, ,   342.5, ,   322.0, ,
2001,    73.4, ,   105.5, ,   120.4, ,    22.7, ,    95.5, ,   146.7, ,    94.2, ,    96.9, ,    60.1, ,    99.9, ,    89.4, ,    58.1, ,  1062.8, ,   396.6, ,   238.6, ,   337.8, ,   249.4, ,
2002,   101.0, ,    88.6, ,   105.7, ,    91.8, ,   156.3, ,   163.4, ,   100.4, ,    19.5, ,   110.7, ,    68.8, ,    88.7, ,    93.1, ,  1188.1, ,   247.8, ,   353.7, ,   283.4, ,   268.2, ,
2003,    41.4, ,    70.6, ,   104.5, ,    95.2, ,   122.2, ,   158.6, ,   101.0, ,   205.0, ,    49.8, ,   164.6, ,   146.9, ,   223.3, ,  1483.1, ,   205.2, ,   321.9, ,   464.7, ,   361.3, ,
2004,    67.2, ,    73.2, ,    63.4, ,    33.9, ,   110.7, ,   103.6, ,   133.6, ,   204.8, ,    41.3, ,    55.2, ,   106.3, ,   112.4, ,  1105.6, ,   363.6, ,   208.0, ,   442.1, ,   202.8, ,
2005,    58.9, ,    85.4, ,   107.0, ,   170.6, ,    74.4, ,    97.1, ,   135.2, ,   103.0, ,   116.0, ,   242.7, ,   181.0, ,   146.4, ,  1517.6, ,   256.7, ,   352.0, ,   335.3, ,   539.7, ,
2006,   105.9, ,   114.1, ,    89.8, ,    92.3, ,   135.1, ,   153.1, ,   150.7, ,   122.6, ,    81.4, ,   243.4, ,    99.5, ,    99.7, ,  1487.6, ,   366.4, ,   317.2, ,   426.4, ,   424.3, ,
2007,    87.3, ,    90.3, ,   141.0, ,   229.6, ,   137.4, ,   153.6, ,    99.1, ,   122.0, ,    89.6, ,   162.8, ,   144.8, ,   123.6, ,  1581.1, ,   277.3, ,   508.0, ,   374.7, ,   397.2, ,
2008,   134.3, ,   127.0, ,   119.8, , -9999.9,M,    60.0, , -9999.9,M,   163.4, ,   167.6, ,    63.7, ,    81.7, , -9999.9,M,   148.4, , -9999.9,M,   384.8, , -9999.9,M, -9999.9,M, -9999.9,M,
2009,    84.2, ,   110.3, ,    50.2, ,   111.9, ,   120.4, ,   102.6, ,   187.9, ,    78.3, ,    57.1, ,   122.1, ,   102.4, ,   119.6, ,  1247.1, ,   342.9, ,   282.5, ,   368.8, ,   281.6, ,
2010,   103.9, ,    68.2, ,    83.6, ,    79.8, ,    86.6, ,   160.4, ,   113.3, , -9999.9,M,   229.0, ,   129.7, , -9999.9,M,   205.5, , -9999.9,M,   291.7, ,   249.9, , -9999.9,M, -9999.9,M,
