7080468,BARRAGE TEMISCAMINGUE    ,QC  ,station not joined, Monthly total of daily adjusted precipitation, mm, Updated to December 2011
7080468,BARRAGE TEMISCAMINGUE    ,QC  ,station pas jointe, Total mensuel des chutes de précipitations quotidiennes ajustées, mm, Mise à jour jusqu à décembre 2011
Year,     Jan, ,     Feb, ,     Mar, ,     Apr, ,     May, ,     Jun, ,     Jul, ,     Aug, ,     Sep, ,     Oct, ,     Nov, ,     Dec, ,  Annual, ,  Winter, ,  Spring, ,  Summer, ,  Autumn
An  ,    Janv, ,     Fév, ,    Mars, ,     Avr, ,     Mai, ,    Juin, ,    Juil, ,    Août, ,    Sept, ,     Oct, ,     Nov, ,     Déc, ,  Annuel, ,   Hiver, ,Printemp, ,     Eté, , Automne
1910, -9999.9,M, -9999.9,M, -9999.9,M,    37.6, ,   120.5, ,    81.2, ,    39.2, ,   235.2, ,    67.7, ,    86.9, ,    57.7, ,    36.8, , -9999.9,M, -9999.9,M, -9999.9,M,   355.6, ,   212.3, ,
1911, -9999.9,M,    64.7, ,    43.0, ,    48.0, , -9999.9,M,    27.3, ,    85.1, ,    98.7, ,    47.8, ,    87.5, ,   109.3, ,    68.0, , -9999.9,M, -9999.9,M, -9999.9,M,   211.1, ,   244.6, ,
1912,    53.9, ,    40.7, ,    17.2, ,    51.6, ,   109.7, ,    68.6, ,    41.8, ,    70.7, ,   105.5, ,    72.4, ,    37.7, ,    96.9, ,   766.7, ,   162.7, ,   178.5, ,   181.0, ,   215.6, ,
1913,   106.0, ,    52.5, ,    74.9, ,    40.7, , -9999.9,M,    56.8, ,    78.0, ,   152.4, ,    79.3, ,   144.6, ,    97.5, ,    54.3, , -9999.9,M,   255.4, , -9999.9,M,   287.2, ,   321.4, ,
1914,    65.4, ,    95.5, ,    65.4, ,    89.7, ,    75.0, ,   106.9, ,    41.3, ,    74.4, ,    83.4, ,    84.5, ,    91.0, ,    68.3, ,   940.9, ,   215.2, ,   230.1, ,   222.6, ,   259.0, ,
1915,    81.6, ,    50.8, ,    11.8, ,    38.5, ,    67.7, ,    95.1, ,    56.5, ,   178.8, ,   159.5, ,    67.2, ,    58.5, ,    61.4, ,   927.5, ,   200.7, ,   118.0, ,   330.5, ,   285.2, ,
1916,   166.4, ,    48.3, ,    66.0, ,    41.0, ,    88.6, ,    52.1, ,    19.9, ,    63.6, ,    85.4, ,   133.7, ,    80.5, ,    47.4, ,   892.8, ,   276.0, ,   195.6, ,   135.6, ,   299.6, ,
1917,    74.9, ,    62.9, ,   154.0, ,    66.0, ,    89.4, ,   129.3, ,   154.9, ,   167.8, ,    58.9, ,   104.0, , -9999.9,M,   100.0, , -9999.9,M,   185.3, ,   309.5, ,   451.9, , -9999.9,M,
1918,    57.9, ,   129.1, , -9999.9,M,    21.5, ,    94.1, ,   102.9, ,    88.5, ,   106.0, ,   107.3, ,   116.4, ,    77.4, ,    68.9, , -9999.9,M,   287.0, , -9999.9,M,   297.4, ,   301.1, ,
1919,    70.2, , -9999.9,M, -9999.9,M, -9999.9,M,   111.4, ,    23.5, ,   187.1, ,   100.7, ,   189.7, ,   113.1, ,    90.1, ,    45.7, , -9999.9,M, -9999.9,M, -9999.9,M,   311.3, ,   392.9, ,
1920,    32.7, ,    24.6, ,    65.7, ,   109.9, ,    35.8, ,    63.4, ,   168.5, ,    47.4, ,    51.2, ,    88.6, ,    77.8, ,   115.1, ,   880.6, ,   103.1, ,   211.4, ,   279.2, ,   217.6, ,
1921,    31.9, ,    38.7, ,    92.3, ,    66.4, ,    32.6, ,   114.3, ,    92.8, ,    53.9, ,   147.5, ,    67.4, ,    96.4, ,   111.3, ,   945.3, ,   185.6, ,   191.3, ,   261.0, ,   311.2, ,
1922,    59.9, ,    83.2, ,    37.4, ,    92.7, ,    49.1, ,    35.4, ,    79.9, ,    24.8, ,    22.5, ,   126.2, ,    94.0, ,    58.9, ,   764.0, ,   254.4, ,   179.2, ,   140.2, ,   242.7, ,
1923,    59.6, ,    44.8, , -9999.9,M,   123.6, ,    71.4, ,   116.4, ,   112.8, ,   135.1, ,    62.9, ,    64.6, ,    44.9, ,    88.9, , -9999.9,M,   163.3, , -9999.9,M,   364.3, ,   172.4, ,
1924,   107.7, ,    53.9, ,    39.4, ,    36.0, ,    81.3, ,   144.5, ,    59.8, ,    65.8, ,   121.7, ,    70.5, ,   129.4, ,   106.4, ,  1016.2, ,   250.5, ,   156.7, ,   270.0, ,   321.6, ,
1925,    60.8, ,    79.2, ,    95.7, ,    30.2, ,    58.6, , -9999.9,M,   104.7, ,    20.1, ,   114.4, ,    73.0, ,    84.4, ,    82.8, , -9999.9,M,   246.3, ,   184.6, , -9999.9,M,   271.8, ,
1926,    69.8, ,    39.9, ,    84.8, ,    86.3, ,    62.5, ,    86.7, ,   120.1, ,    29.3, ,    76.6, ,    52.1, ,   207.7, ,    95.2, ,  1010.8, ,   192.5, ,   233.5, ,   236.1, ,   336.4, ,
1927,    58.9, ,    74.7, ,    30.6, ,    35.8, ,    89.6, ,    91.8, ,   211.9, ,    56.1, ,   103.8, ,    90.8, ,   108.4, ,    86.8, ,  1039.3, ,   228.8, ,   156.1, ,   359.8, ,   303.0, ,
1928,   148.2, ,    73.0, ,    96.3, ,   112.8, ,    87.0, ,    82.2, ,   115.2, ,    77.5, ,   177.8, ,   162.6, ,    69.0, ,    51.4, ,  1253.0, ,   308.0, ,   296.1, ,   275.0, ,   409.3, ,
1929,   121.1, ,    27.0, ,   105.2, ,   105.9, ,    73.9, ,    73.5, ,    86.0, ,    42.8, ,    55.6, ,    92.4, ,    69.5, ,    78.9, ,   931.8, ,   199.5, ,   285.0, ,   202.4, ,   217.5, ,
1930,    63.4, ,    31.6, ,    52.1, ,    28.0, ,    81.3, ,   141.7, ,    93.0, ,    88.6, ,   118.3, ,    47.2, ,    37.5, ,    48.1, ,   830.9, ,   173.9, ,   161.5, ,   323.3, ,   203.0, ,
1931,    40.0, ,    34.0, ,    61.7, ,    46.8, ,    72.5, ,    67.0, ,    67.4, ,    40.2, ,   123.8, ,    71.0, ,   106.1, ,    33.4, ,   763.9, ,   122.2, ,   180.9, ,   174.6, ,   300.9, ,
1932,    86.5, ,    92.7, ,    44.2, ,    61.2, ,    50.7, ,    75.9, ,    88.2, ,   150.0, ,    95.6, ,   198.2, ,   111.6, ,    85.2, ,  1140.1, ,   212.6, ,   156.1, ,   314.1, ,   405.4, ,
1933,    62.4, ,    79.9, ,    55.1, ,    80.7, ,    84.9, ,    56.7, ,    92.9, ,    84.8, ,    31.7, ,   103.7, ,   109.1, ,    67.4, ,   909.3, ,   227.4, ,   220.7, ,   234.4, ,   244.5, ,
1934,    57.7, ,    41.3, ,    41.5, ,    58.9, ,    68.4, ,    82.1, ,   102.1, ,    86.4, ,   146.9, ,    63.1, ,   117.6, ,    53.9, ,   920.0, ,   166.4, ,   168.9, ,   270.6, ,   327.6, ,
1935,    67.4, ,    36.9, ,    63.2, ,    20.4, ,    14.6, ,   176.3, ,   120.8, ,    54.9, ,   111.9, ,    98.8, ,    97.0, ,    38.6, ,   900.8, ,   158.2, ,    98.2, ,   352.0, ,   307.6, ,
1936,    66.4, ,    41.4, ,    86.5, ,    66.9, ,    74.6, ,    64.0, ,    54.2, ,    54.5, ,   126.8, ,   108.9, ,    81.2, ,   104.6, ,   930.0, ,   146.3, ,   227.9, ,   172.8, ,   316.9, ,
1937,    59.0, ,    64.9, ,    30.2, ,    77.0, ,    28.2, ,    53.6, ,    80.3, ,    94.9, ,   112.9, ,    83.4, ,    73.4, ,    59.3, ,   817.0, ,   228.5, ,   135.3, ,   228.8, ,   269.7, ,
1938,    68.3, ,    54.4, ,   104.8, ,    94.2, ,    42.0, ,    52.3, ,    89.2, ,   129.7, ,    99.8, ,    30.2, ,    51.3, ,    80.3, ,   896.4, ,   181.9, ,   241.0, ,   271.1, ,   181.3, ,
1939,    58.0, ,    89.8, ,    55.6, ,    77.4, ,    76.5, ,    80.5, ,    51.6, ,   125.5, ,    52.6, ,   113.9, ,    37.9, ,    54.0, ,   873.2, ,   228.1, ,   209.5, ,   257.6, ,   204.4, ,
1940,    31.7, ,    16.0, ,    36.3, ,    41.4, ,   123.7, ,   122.6, ,    62.8, ,   120.6, ,    78.1, ,    34.1, ,   111.1, ,    63.6, ,   841.9, ,   101.7, ,   201.4, ,   306.0, ,   223.3, ,
1941,    74.1, ,    59.9, ,    13.2, ,    99.7, ,    71.6, ,    92.8, ,   124.7, ,    35.5, ,    68.1, ,   122.3, ,    95.5, ,    49.3, ,   906.6, ,   197.6, ,   184.5, ,   253.0, ,   285.9, ,
1942,    73.3, ,    32.7, ,    78.3, ,    45.9, ,    93.0, ,    46.4, ,    86.3, ,    45.2, ,   105.8, ,    59.7, ,    54.3, ,    60.7, ,   781.6, ,   155.3, ,   217.2, ,   177.9, ,   219.7, ,
1943,    59.8, ,    49.0, ,    92.0, ,    43.2, ,    58.4, ,   124.3, ,    40.2, ,    86.6, ,    58.4, ,    50.4, ,    58.9, ,    42.6, ,   763.6, ,   169.5, ,   193.6, ,   251.0, ,   167.6, ,
1944,    26.4, ,    42.2, ,    61.2, ,    34.9, ,    55.8, ,    88.3, ,   156.9, ,    22.6, ,   134.0, ,    57.4, ,    47.4, ,    41.5, ,   768.6, ,   111.2, ,   151.9, ,   267.8, ,   238.8, ,
1945,    38.6, ,    43.8, ,    50.8, ,    81.4, ,    74.4, ,    37.7, ,    66.1, ,    98.5, ,   133.8, ,   115.5, ,    52.7, ,    37.5, ,   830.8, ,   123.9, ,   206.5, ,   202.3, ,   302.1, ,
1946,    91.0, ,    56.7, ,    41.0, ,    27.9, ,    92.1, ,    11.5, ,   108.5, ,    87.5, ,    81.1, ,    48.1, ,    39.2, ,   103.6, ,   788.2, ,   185.2, ,   161.0, ,   207.5, ,   168.3, ,
1947,    81.5, , -9999.9,M, -9999.9,M,    65.1, ,    89.2, ,   145.8, ,   108.6, ,     9.1, ,   116.3, ,    26.1, ,    51.4, ,    65.2, , -9999.9,M, -9999.9,M, -9999.9,M,   263.4, ,   193.8, ,
1948,    48.1, ,    28.2, ,    63.4, ,    68.9, ,    85.2, ,    67.9, ,    79.1, ,    78.6, ,    28.9, ,    95.4, ,   137.2, ,    44.9, ,   825.9, ,   141.5, ,   217.6, ,   225.6, ,   261.5, ,
1949,    80.8, ,    36.9, ,    80.3, ,    45.9, ,    59.4, ,   125.1, ,    47.9, ,    81.1, ,    92.2, ,    37.0, ,    55.1, ,    76.2, ,   817.8, ,   162.6, ,   185.6, ,   254.1, ,   184.2, ,
1950,   114.0, , -9999.9,M,    52.3, ,    35.3, ,    30.3, , -9999.9,M,   112.2, ,    52.3, ,    35.3, ,    63.1, ,    82.1, ,    42.3, , -9999.9,M, -9999.9,M,   117.9, , -9999.9,M,   180.6, ,
1951, -9999.9,M,    65.5, ,    93.4, ,    58.2, ,    15.2, , -9999.9,M, -9999.9,M, -9999.9,M, -9999.9,M,   200.5, ,    70.1, ,    38.4, , -9999.9,M, -9999.9,M,   166.8, , -9999.9,M, -9999.9,M,
1952,    50.0, ,    33.9, ,    69.5, ,    58.9, ,    90.0, ,    63.4, ,    73.0, ,   183.6, ,   131.3, ,    12.0, ,   153.2, ,    44.8, ,   963.6, ,   122.3, ,   218.4, ,   319.9, ,   296.5, ,
1953,    90.5, ,    45.9, ,   117.4, ,    66.5, ,    42.8, ,    41.9, ,   110.8, ,    36.9, ,   155.2, ,    27.1, ,    55.1, ,    99.4, ,   889.5, ,   181.1, ,   226.8, ,   189.6, ,   237.4, ,
1954,    57.9, , -9999.9,M, -9999.9,M,    82.7, ,    77.8, ,   157.7, ,    90.7, ,   115.5, ,   126.1, ,    98.1, ,    54.3, ,    71.9, , -9999.9,M, -9999.9,M, -9999.9,M,   363.8, ,   278.4, ,
1955,    55.4, ,    38.2, ,    80.2, ,    37.6, ,    64.0, ,    76.4, ,   119.7, ,    87.1, ,    60.7, ,   246.2, ,   101.7, ,    60.5, ,  1027.7, ,   165.5, ,   181.9, ,   283.2, ,   408.5, ,
1956,    29.0, ,    71.9, ,    73.2, ,    66.4, ,   105.1, ,    52.8, ,   148.6, ,   132.3, ,   136.2, ,    44.1, ,   102.4, ,    49.0, ,  1011.0, ,   161.3, ,   244.7, ,   333.8, ,   282.7, ,
1957,    70.8, ,    48.1, ,    24.2, ,    60.6, ,    62.7, ,   206.0, , -9999.9,M,    38.6, ,   261.2, ,   123.0, ,    98.2, ,   111.2, , -9999.9,M,   167.9, ,   147.5, , -9999.9,M,   482.3, ,
1958,    63.6, ,    55.1, ,    19.6, ,    27.4, ,    63.8, ,    99.1, ,    48.6, ,    76.8, ,   107.7, ,   109.6, ,    65.0, ,    80.7, ,   816.9, ,   229.9, ,   110.8, ,   224.5, ,   282.3, ,
1959,    81.5, ,    40.3, ,    73.3, ,    48.3, ,    78.0, ,    25.6, ,   107.0, ,   126.6, ,   116.6, ,   105.5, ,   147.2, ,    92.2, ,  1042.1, ,   202.4, ,   199.6, ,   259.3, ,   369.2, ,
1960,    55.4, ,    91.1, ,    27.3, ,    65.4, ,    82.8, ,   133.7, ,   189.6, ,    27.1, ,    92.6, ,    99.2, ,    82.6, ,    46.5, ,   993.3, ,   238.6, ,   175.5, ,   350.5, ,   274.4, ,
1961,    23.4, ,    19.3, ,    75.9, ,    76.8, ,    52.3, ,    69.5, ,   132.4, ,    89.5, ,   180.8, ,    33.8, ,    62.1, ,    63.2, ,   878.9, ,    89.3, ,   205.0, ,   291.4, ,   276.7, ,
1962,   100.5, ,    65.3, ,    33.5, ,    57.2, ,    74.3, ,    53.3, ,    58.6, ,    97.9, ,    69.0, ,    59.7, ,    13.9, ,    81.6, ,   764.8, ,   228.9, ,   165.0, ,   209.9, ,   142.6, ,
1963,    61.2, ,    45.5, ,   106.4, ,    78.0, ,    60.1, ,    53.6, ,    48.7, ,   221.2, ,    60.2, ,    22.7, ,   107.9, ,    30.9, ,   896.3, ,   188.3, ,   244.4, ,   323.5, ,   190.8, ,
1964,    85.1, ,    48.9, , -9999.9,M,    33.0, ,    63.6, ,   112.1, ,    92.6, , -9999.9,M,    90.1, ,    38.9, ,    76.1, ,    87.0, , -9999.9,M,   164.9, , -9999.9,M, -9999.9,M,   205.2, ,
1965,    70.8, ,   104.2, ,    31.3, ,    34.7, ,    49.1, ,    72.9, ,    90.9, ,   180.6, ,   163.1, ,    74.9, ,   112.5, ,    90.7, ,  1075.8, ,   262.0, ,   115.1, ,   344.4, ,   350.5, ,
1966,    54.5, ,    31.0, ,    71.8, ,    50.6, ,    36.0, ,    80.3, ,    96.0, ,   123.1, ,    65.0, ,    87.2, ,   128.2, ,    81.3, ,   905.1, ,   176.2, ,   158.4, ,   299.5, ,   280.5, ,
1967,   104.2, ,    66.1, ,    20.0, ,    86.9, ,    33.3, ,    64.8, , -9999.9,M,    68.2, , -9999.9,M,    62.7, ,    80.2, ,   117.4, , -9999.9,M,   251.6, ,   140.2, , -9999.9,M, -9999.9,M,
1968,    15.1, ,    59.9, , -9999.9,M,    67.5, ,    32.7, ,   130.3, ,    85.4, ,    59.7, ,    42.9, ,    90.0, ,    78.4, ,    59.7, , -9999.9,M,   192.3, , -9999.9,M,   275.4, ,   211.2, ,
1969,    59.7, ,    16.3, ,    50.8, ,    81.4, ,    96.5, ,   124.9, ,   168.3, ,    62.7, ,    57.4, ,   138.7, ,   132.9, ,    71.0, ,  1060.6, ,   135.6, ,   228.7, ,   355.9, ,   329.0, ,
1970,    37.0, ,    41.9, ,    60.1, ,    86.5, ,   124.0, ,    78.1, ,   254.2, ,    98.4, ,   150.5, ,    81.2, ,    45.6, ,    70.1, ,  1127.6, ,   149.9, ,   270.6, ,   430.7, ,   277.3, ,
1971,    76.0, ,    89.8, ,    67.5, ,    51.7, ,    32.6, ,    32.2, ,    88.8, ,    58.1, ,   101.7, ,    58.5, ,    71.8, ,    94.8, ,   823.5, ,   235.9, ,   151.7, ,   179.1, ,   232.0, ,
1972,    92.2, ,    76.3, ,    97.0, ,    76.4, ,    46.9, ,   125.6, ,   134.3, ,   155.5, ,    96.3, ,    71.0, ,    61.8, ,    98.9, ,  1132.3, ,   263.3, ,   220.3, ,   415.4, ,   229.1, ,
1973,    48.5, ,    34.4, ,    89.8, ,    74.0, ,    92.9, ,   189.2, ,    84.2, ,    97.0, ,    51.9, ,   131.8, ,    73.4, ,    85.4, ,  1052.5, ,   181.8, ,   256.7, ,   370.3, ,   257.2, ,
1974,    88.7, ,    66.1, ,    40.9, ,    83.6, ,   100.3, ,    58.3, ,    95.4, ,    63.7, ,   125.8, ,   130.9, ,    99.6, ,    62.4, ,  1015.7, ,   240.2, ,   224.7, ,   217.4, ,   356.4, ,
1975,   127.1, ,    65.4, ,    49.9, ,    46.9, ,    58.1, ,    78.1, ,    94.3, ,    19.2, ,   100.4, ,    90.6, ,   150.9, ,    53.8, ,   934.7, ,   255.0, ,   154.9, ,   191.6, ,   341.9, ,
1976,    77.0, ,    84.4, ,   136.8, ,    22.4, ,   115.2, ,    99.9, ,   101.5, ,    76.6, ,    91.4, ,    68.4, ,    79.9, ,    83.3, ,  1036.8, ,   215.2, ,   274.3, ,   278.0, ,   239.8, ,
1977,    63.7, ,    59.9, ,    58.9, ,    68.7, ,    39.4, ,    97.7, ,   122.5, ,   111.8, ,   128.5, ,    63.5, ,    99.0, ,    81.4, ,   995.0, ,   206.9, ,   167.1, ,   331.9, ,   291.0, ,
1978,    90.5, ,    13.8, ,    50.4, ,    60.5, ,    51.1, ,   118.6, ,   125.7, ,   125.2, ,   175.8, ,    64.3, ,    64.7, ,   102.3, ,  1043.0, ,   185.7, ,   162.0, ,   369.6, ,   304.9, ,
1979,    88.2, ,    30.7, ,    84.0, ,   111.7, ,    73.8, ,   114.5, ,   119.9, ,   150.4, ,    86.8, ,   127.6, ,    96.4, ,    45.0, ,  1128.8, ,   221.2, ,   269.4, ,   384.7, ,   310.8, ,
1980,    69.1, ,    24.3, ,   136.9, ,   116.2, ,    50.4, ,   114.3, ,   141.7, ,   139.7, ,   165.1, ,   107.6, ,    79.9, ,    78.8, ,  1224.0, ,   138.3, ,   303.5, ,   395.7, ,   352.6, ,
1981,    39.0, ,   101.6, ,    81.5, ,   124.0, ,    95.8, ,   157.0, ,    54.8, ,   119.0, ,   139.3, ,   138.8, ,    51.0, ,    54.9, ,  1156.6, ,   219.4, ,   301.3, ,   330.8, ,   329.1, ,
1982,   108.9, ,    29.5, ,    55.2, ,    94.6, ,    26.8, ,   105.5, ,    76.2, ,    89.9, ,   124.2, ,    89.6, ,   100.6, ,   135.3, ,  1036.3, ,   193.3, ,   176.6, ,   271.6, ,   314.4, ,
1983,    71.5, ,    41.7, ,    87.1, ,    95.1, ,   152.2, ,    79.9, ,    40.0, ,    84.4, ,   120.1, ,   111.0, ,    76.9, ,    88.6, ,  1048.7, ,   248.6, ,   334.4, ,   204.4, ,   308.1, ,
1984,    55.3, ,    83.3, ,    37.4, ,    79.0, ,   131.7, ,   124.8, ,   152.3, ,   157.6, ,   100.4, ,    77.4, ,   107.0, ,    81.5, ,  1187.8, ,   227.3, ,   248.2, ,   434.7, ,   284.8, ,
1985,    57.1, ,    87.8, ,   114.1, ,    87.8, ,    67.8, ,    79.4, ,   258.8, ,    29.0, ,    56.4, ,    69.0, ,    75.7, ,    87.3, ,  1070.0, ,   226.3, ,   269.6, ,   367.2, ,   201.1, ,
1986,    69.3, ,    22.6, ,   101.9, ,    62.0, ,   137.5, ,    94.3, ,   120.1, ,    65.2, ,   122.8, ,    90.5, ,    55.4, ,    69.0, ,  1010.6, ,   179.1, ,   301.4, ,   279.6, ,   268.7, ,
1987,    42.5, ,    50.2, ,    82.6, ,    50.5, ,    77.6, ,    55.7, ,    86.6, ,    66.6, ,    38.8, ,    84.5, ,    70.2, ,    89.0, ,   794.9, ,   161.7, ,   210.7, ,   209.0, ,   193.5, ,
1988,    68.2, ,    87.5, ,    66.2, ,    78.9, ,   136.1, ,    70.3, ,    70.5, ,   220.3, ,   123.7, ,   148.5, ,    93.5, ,    58.3, ,  1222.1, ,   244.6, ,   281.2, ,   361.2, ,   365.7, ,
1989,   113.2, ,    48.7, ,    81.4, ,    38.6, ,   111.1, ,    84.9, ,    53.9, ,    79.1, ,    59.3, ,    83.7, ,   162.5, ,    74.2, ,   990.4, ,   220.2, ,   231.0, ,   217.9, ,   305.5, ,
1990,   103.4, ,    42.1, ,    42.0, ,    60.1, ,   101.3, ,   168.9, ,    84.4, ,    39.8, ,   115.7, ,   121.9, ,   149.5, ,    79.9, ,  1109.0, ,   219.7, ,   203.4, ,   293.2, ,   387.0, ,
1991,    76.1, ,    47.2, ,   100.2, ,   107.1, ,   109.9, ,    58.3, ,    82.2, ,    65.3, ,   105.5, ,   169.6, ,    74.9, ,    70.8, ,  1067.0, ,   203.1, ,   317.2, ,   205.8, ,   350.0, ,
1992,    63.4, ,    66.1, ,    91.2, ,    28.9, ,    47.9, ,    69.2, ,    91.8, ,   145.5, ,   122.5, ,    89.7, ,   112.5, ,    75.7, ,  1004.4, ,   200.2, ,   168.1, ,   306.5, ,   324.7, ,
1993,    76.4, ,    23.0, ,    30.5, ,    51.4, ,    92.5, ,    97.8, ,    51.4, ,   103.5, ,   128.9, ,   129.9, ,    93.9, ,    67.7, ,   946.9, ,   175.1, ,   174.4, ,   252.8, ,   352.7, ,
1994,    67.1, ,    57.2, ,    30.4, ,    45.3, ,    88.9, ,   120.0, ,   159.1, ,   111.4, ,   110.9, ,    52.0, ,    85.1, ,    38.1, ,   965.5, ,   192.0, ,   164.6, ,   390.5, ,   248.0, ,
1995,   100.3, ,    38.2, ,    49.4, ,    98.5, ,   139.0, ,    39.9, ,   131.2, ,    34.8, ,    85.9, ,   100.2, , -9999.9,M, -9999.9,M, -9999.9,M,   176.5, ,   286.9, ,   205.9, , -9999.9,M,
1996, -9999.9,M, -9999.9,M, -9999.9,M, -9999.9,M, -9999.9,M, -9999.9,M, -9999.9,M, -9999.9,M, -9999.9,M, -9999.9,M, -9999.9,M, -9999.9,M, -9999.9,M, -9999.9,M, -9999.9,M, -9999.9,M, -9999.9,M,
1997, -9999.9,M, -9999.9,M, -9999.9,M, -9999.9,M, -9999.9,M, -9999.9,M, -9999.9,M, -9999.9,M, -9999.9,M, -9999.9,M, -9999.9,M, -9999.9,M, -9999.9,M, -9999.9,M, -9999.9,M, -9999.9,M, -9999.9,M,
1998, -9999.9,M, -9999.9,M, -9999.9,M, -9999.9,M, -9999.9,M, -9999.9,M, -9999.9,M, -9999.9,M, -9999.9,M, -9999.9,M, -9999.9,M, -9999.9,M, -9999.9,M, -9999.9,M, -9999.9,M, -9999.9,M, -9999.9,M,
1999, -9999.9,M, -9999.9,M, -9999.9,M, -9999.9,M, -9999.9,M, -9999.9,M, -9999.9,M, -9999.9,M, -9999.9,M, -9999.9,M, -9999.9,M, -9999.9,M, -9999.9,M, -9999.9,M, -9999.9,M, -9999.9,M, -9999.9,M,
2000, -9999.9,M, -9999.9,M, -9999.9,M, -9999.9,M, -9999.9,M, -9999.9,M, -9999.9,M, -9999.9,M, -9999.9,M, -9999.9,M, -9999.9,M, -9999.9,M, -9999.9,M, -9999.9,M, -9999.9,M, -9999.9,M, -9999.9,M,
2001, -9999.9,M, -9999.9,M, -9999.9,M, -9999.9,M, -9999.9,M, -9999.9,M, -9999.9,M, -9999.9,M, -9999.9,M, -9999.9,M, -9999.9,M, -9999.9,M, -9999.9,M, -9999.9,M, -9999.9,M, -9999.9,M, -9999.9,M,
2002, -9999.9,M, -9999.9,M, -9999.9,M, -9999.9,M, -9999.9,M, -9999.9,M, -9999.9,M, -9999.9,M, -9999.9,M, -9999.9,M, -9999.9,M, -9999.9,M, -9999.9,M, -9999.9,M, -9999.9,M, -9999.9,M, -9999.9,M,
2003, -9999.9,M, -9999.9,M, -9999.9,M, -9999.9,M, -9999.9,M, -9999.9,M, -9999.9,M, -9999.9,M, -9999.9,M, -9999.9,M, -9999.9,M, -9999.9,M, -9999.9,M, -9999.9,M, -9999.9,M, -9999.9,M, -9999.9,M,
2004, -9999.9,M, -9999.9,M, -9999.9,M, -9999.9,M, -9999.9,M, -9999.9,M, -9999.9,M, -9999.9,M, -9999.9,M, -9999.9,M, -9999.9,M, -9999.9,M, -9999.9,M, -9999.9,M, -9999.9,M, -9999.9,M, -9999.9,M,
2005, -9999.9,M, -9999.9,M, -9999.9,M, -9999.9,M, -9999.9,M, -9999.9,M, -9999.9,M, -9999.9,M, -9999.9,M, -9999.9,M, -9999.9,M, -9999.9,M, -9999.9,M, -9999.9,M, -9999.9,M, -9999.9,M, -9999.9,M,
2006, -9999.9,M, -9999.9,M, -9999.9,M, -9999.9,M, -9999.9,M, -9999.9,M, -9999.9,M, -9999.9,M, -9999.9,M, -9999.9,M, -9999.9,M, -9999.9,M, -9999.9,M, -9999.9,M, -9999.9,M, -9999.9,M, -9999.9,M,
2007, -9999.9,M, -9999.9,M, -9999.9,M, -9999.9,M, -9999.9,M, -9999.9,M, -9999.9,M, -9999.9,M, -9999.9,M, -9999.9,M, -9999.9,M, -9999.9,M, -9999.9,M, -9999.9,M, -9999.9,M, -9999.9,M, -9999.9,M,
2008, -9999.9,M, -9999.9,M, -9999.9,M, -9999.9,M, -9999.9,M, -9999.9,M, -9999.9,M, -9999.9,M, -9999.9,M, -9999.9,M, -9999.9,M, -9999.9,M, -9999.9,M, -9999.9,M, -9999.9,M, -9999.9,M, -9999.9,M,
2009, -9999.9,M, -9999.9,M, -9999.9,M, -9999.9,M, -9999.9,M, -9999.9,M, -9999.9,M, -9999.9,M, -9999.9,M, -9999.9,M, -9999.9,M, -9999.9,M, -9999.9,M, -9999.9,M, -9999.9,M, -9999.9,M, -9999.9,M,
2010, -9999.9,M, -9999.9,M, -9999.9,M, -9999.9,M, -9999.9,M, -9999.9,M, -9999.9,M, -9999.9,M, -9999.9,M, -9999.9,M, -9999.9,M, -9999.9,M, -9999.9,M, -9999.9,M, -9999.9,M, -9999.9,M, -9999.9,M,
2011, -9999.9,M, -9999.9,M, -9999.9,M, -9999.9,M, -9999.9,M, -9999.9,M, -9999.9,M, -9999.9,M, -9999.9,M, -9999.9,M, -9999.9,M, -9999.9,M, -9999.9,M, -9999.9,M, -9999.9,M, -9999.9,M, -9999.9,M,
