7080452,BARRAGE ANGLIERS         ,QC  ,station not joined, Monthly total of daily adjusted precipitation, mm, Updated to December 2011
7080452,BARRAGE ANGLIERS         ,QC  ,station pas jointe, Total mensuel des chutes de précipitations quotidiennes ajustées, mm, Mise à jour jusqu à décembre 2011
Year,     Jan, ,     Feb, ,     Mar, ,     Apr, ,     May, ,     Jun, ,     Jul, ,     Aug, ,     Sep, ,     Oct, ,     Nov, ,     Dec, ,  Annual, ,  Winter, ,  Spring, ,  Summer, ,  Autumn
An  ,    Janv, ,     Fév, ,    Mars, ,     Avr, ,     Mai, ,    Juin, ,    Juil, ,    Août, ,    Sept, ,     Oct, ,     Nov, ,     Déc, ,  Annuel, ,   Hiver, ,Printemp, ,     Eté, , Automne
1911, -9999.9,M,    45.0, ,    73.5, ,    82.5, ,    47.6, ,   107.3, ,   105.3, ,   100.8, ,   103.7, ,    85.7, ,   137.6, ,    90.1, , -9999.9,M, -9999.9,M,   203.6, ,   313.4, ,   327.0, ,
1912,    45.7, ,    84.4, ,    16.7, ,    30.0, ,   128.3, ,    77.6, ,   112.4, ,   123.5, ,   106.7, ,    98.5, ,    56.0, , -9999.9,M, -9999.9,M,   220.2, ,   175.0, ,   313.5, ,   261.2, ,
1913,    78.2, ,    23.5, ,    36.1, ,    73.7, ,    38.8, ,    51.2, ,   105.0, ,   102.7, ,    45.2, ,   122.2, ,    90.8, ,    44.7, ,   812.2, , -9999.9,M,   148.7, ,   258.9, ,   258.2, ,
1914,    49.5, ,    68.3, ,    41.4, ,    61.8, ,    23.3, ,    56.1, ,    64.2, ,    57.3, ,   122.4, ,    81.8, ,    92.5, ,    50.3, ,   769.0, ,   162.6, ,   126.5, ,   177.6, ,   296.7, ,
1915,    53.6, ,    35.5, ,    17.6, ,    39.0, ,    79.1, ,    87.3, ,    89.0, ,   111.2, ,   102.4, ,    73.7, ,    77.0, ,    56.7, ,   822.1, ,   139.4, ,   135.8, ,   287.5, ,   253.0, ,
1916,   167.7, ,    61.5, ,    68.6, ,    84.5, ,    68.5, ,    42.3, ,   105.8, ,    96.1, ,    97.5, ,   133.0, ,   115.3, ,    67.1, ,  1107.7, ,   285.9, ,   221.6, ,   244.1, ,   345.8, ,
1917,    48.6, ,    57.8, ,   159.3, ,    64.2, ,    89.1, ,   128.9, ,   179.3, ,   111.3, ,    57.4, ,   127.5, ,    14.9, ,    85.5, ,  1123.9, ,   173.5, ,   312.6, ,   419.6, ,   199.9, ,
1918,    51.3, ,    97.1, ,    55.1, ,    17.3, ,    80.6, ,   158.1, ,   138.6, ,   120.8, ,   139.0, ,   150.8, ,    81.8, ,    64.4, ,  1155.0, ,   233.9, ,   153.0, ,   417.5, ,   371.7, ,
1919,    86.8, ,    42.5, ,    78.9, ,   103.6, ,   104.5, ,    33.3, ,   108.4, ,    95.1, ,   217.5, ,   139.2, ,    78.2, ,    63.7, ,  1151.5, ,   193.7, ,   286.9, ,   236.8, ,   434.9, ,
1920,    56.3, ,    34.9, ,    60.3, ,    87.7, ,    29.9, ,    68.8, ,   106.0, ,    88.5, ,    58.4, ,    74.3, ,    77.9, ,    84.0, ,   827.0, ,   154.9, ,   177.9, ,   263.2, ,   210.6, ,
1921,    27.9, ,    34.9, ,    83.5, ,    75.5, ,    31.4, ,    37.1, ,   159.9, ,    82.6, ,   141.9, ,    79.4, ,    98.2, ,   114.0, ,   966.5, ,   146.8, ,   190.5, ,   279.7, ,   319.6, ,
1922,    50.9, ,    93.5, ,    61.5, ,   123.4, ,    56.7, ,    53.1, ,   113.3, ,    54.0, ,    48.8, ,   134.6, ,   102.1, ,    38.6, ,   930.7, ,   258.4, ,   241.7, ,   220.4, ,   285.6, ,
1923,    34.7, ,    33.8, ,    39.1, ,    70.1, ,    50.4, ,   107.5, ,   103.7, ,   134.8, ,    97.4, ,    41.6, ,     3.8, ,    61.6, ,   778.3, ,   107.1, ,   159.5, ,   346.0, ,   142.7, ,
1924,    95.7, ,    53.1, , -9999.9,M, -9999.9,M,    74.0, ,    64.3, ,   118.4, ,    52.3, ,   124.6, ,    18.0, ,    15.1, ,    47.1, , -9999.9,M,   210.5, , -9999.9,M,   235.0, ,   157.7, ,
1925,    51.3, ,    47.3, ,    43.3, ,    25.0, ,    64.3, ,   127.2, ,   127.6, ,    22.3, ,    94.5, ,    60.4, ,    57.4, ,    50.5, ,   771.0, ,   145.6, ,   132.6, ,   277.0, ,   212.3, ,
1926,    48.2, ,    48.6, ,    60.5, ,    74.9, ,    64.0, ,    69.1, ,   111.1, ,    65.3, ,    41.1, ,    85.7, ,   140.9, ,    63.2, ,   872.6, ,   147.3, ,   199.4, ,   245.4, ,   267.8, ,
1927,    35.5, ,    53.8, ,    48.6, ,    53.7, ,    75.2, ,   106.0, ,   148.6, ,    83.4, ,   146.7, ,    83.3, ,   132.2, ,    59.3, ,  1026.3, ,   152.6, ,   177.5, ,   338.0, ,   362.1, ,
1928,    79.3, ,    68.4, ,    55.8, ,   114.4, ,   142.6, ,   129.6, ,   215.8, ,   138.7, ,   235.4, ,   255.1, ,    56.7, ,    39.5, ,  1531.2, ,   207.1, ,   312.7, ,   484.1, ,   547.2, ,
1929,   104.3, ,    25.4, ,    72.8, ,    88.6, ,   127.3, ,   157.6, ,   152.9, ,    70.2, ,   235.1, ,   181.7, ,    78.1, ,    61.4, ,  1355.3, ,   169.3, ,   288.6, ,   380.6, ,   494.9, ,
1930,    50.5, ,    36.9, ,    47.7, ,    87.5, ,    93.4, ,   374.9, ,   172.7, ,   188.3, ,   192.8, ,    52.6, ,    68.6, ,    51.3, ,  1417.3, ,   148.8, ,   228.7, ,   735.9, ,   314.0, ,
1931,    48.7, ,    34.8, ,    42.1, ,    67.0, ,    94.2, ,   111.8, ,   130.8, ,    51.5, ,   248.1, ,   115.8, ,   115.7, ,    45.0, ,  1105.4, ,   134.8, ,   203.2, ,   294.1, ,   479.6, ,
1932,    79.3, ,    90.1, ,    59.0, ,    76.4, ,    59.7, ,    68.2, ,   177.3, ,   372.7, ,    96.0, ,   241.1, ,    51.1, ,    67.2, ,  1438.1, ,   214.4, ,   195.1, ,   618.3, ,   388.1, ,
1933,    67.5, ,    53.5, ,    77.1, ,   126.7, ,   134.2, ,    84.4, ,   128.6, ,    53.4, ,    99.3, ,   139.3, ,    88.5, ,    43.9, ,  1096.3, ,   188.2, ,   337.9, ,   266.5, ,   327.0, ,
1934,    46.7, ,    45.9, ,    54.1, ,   139.3, ,    77.8, ,   160.5, ,   110.6, ,   115.0, ,   288.6, ,   108.2, ,    81.2, ,    42.0, ,  1269.8, ,   136.5, ,   271.2, ,   386.1, ,   478.0, ,
1935,    59.2, ,    23.1, ,    51.8, ,    47.2, ,    34.6, ,   166.3, ,   180.0, ,    43.6, ,   186.5, ,   134.7, ,    67.9, ,    35.9, ,  1030.8, ,   124.3, ,   133.6, ,   389.9, ,   389.1, ,
1936,    96.9, ,    54.9, ,    81.0, ,    69.8, ,   148.9, ,    60.5, ,    95.0, ,    41.4, ,   187.9, ,   192.7, ,    96.1, ,   126.9, ,  1251.8, ,   187.8, ,   299.6, ,   196.8, ,   476.7, ,
1937,    46.8, ,    41.8, ,    26.9, ,   115.9, ,    47.4, ,    80.5, ,   233.9, ,   123.9, ,   277.9, ,   139.8, ,    91.2, ,    70.4, ,  1296.3, ,   215.5, ,   190.1, ,   438.3, ,   508.9, ,
1938,    52.6, ,    66.0, ,   147.6, ,   130.8, ,    31.4, ,   103.5, ,   129.6, ,   146.8, ,   134.9, ,    95.4, ,    88.0, ,    64.7, ,  1191.3, ,   189.0, ,   309.8, ,   380.0, ,   318.3, ,
1939,    45.6, ,    53.1, ,    28.7, ,    65.4, ,   179.2, ,   264.5, ,   106.0, ,   130.2, ,   147.3, ,   153.2, ,    34.1, ,    49.5, ,  1256.7, ,   163.4, ,   273.2, ,   500.7, ,   334.6, ,
1940,    43.4, ,    10.1, ,    45.0, ,    30.3, ,   146.3, ,   147.7, ,    35.2, ,   146.7, ,    65.7, ,    45.3, ,    77.0, ,    67.5, ,   860.3, ,   103.0, ,   221.7, ,   329.6, ,   188.0, ,
1941,    76.5, ,    89.1, ,    10.3, ,    77.8, ,    43.2, ,   150.7, ,   120.7, ,   137.9, ,    90.3, ,   137.5, ,    70.7, ,    65.3, ,  1069.8, ,   233.1, ,   131.3, ,   409.2, ,   298.5, ,
1942,    59.0, ,    30.4, ,    44.8, ,    20.9, ,    78.5, ,    48.9, ,    81.1, ,    45.2, ,   108.0, ,    54.4, ,    32.0, ,    66.1, ,   669.4, ,   154.7, ,   144.2, ,   175.2, ,   194.4, ,
1943,    62.9, ,    63.1, ,    97.8, ,    26.4, ,    38.9, ,    95.7, ,    60.8, ,   164.8, ,   124.5, ,    33.7, ,    58.4, ,    45.6, ,   872.6, ,   192.1, ,   163.1, ,   321.3, ,   216.6, ,
1944,    25.9, ,    54.8, ,    57.5, ,    35.4, ,    37.2, ,    28.2, ,    74.3, ,    11.3, ,   132.2, ,    44.9, ,    48.8, ,    50.5, ,   600.7, ,   126.2, ,   130.0, ,   113.8, ,   225.8, ,
1945,    33.8, ,    50.5, ,    45.6, ,    73.0, ,   138.3, ,    43.3, ,    74.5, ,    60.2, ,   136.2, ,    72.9, ,    41.1, ,    37.7, ,   807.0, ,   134.7, ,   256.9, ,   177.9, ,   250.2, ,
1946,    64.8, ,    70.1, ,    29.5, ,    48.6, ,    77.6, ,    38.0, ,    87.2, ,   102.5, ,    72.3, ,    56.2, ,    67.3, ,    86.4, ,   800.6, ,   172.7, ,   155.6, ,   227.7, ,   195.9, ,
1947,    61.4, ,    61.7, ,    74.6, ,   140.0, ,    82.4, ,   152.6, ,   109.0, , -9999.9,M,   119.5, ,     7.0, ,    51.7, ,    72.6, , -9999.9,M,   209.5, ,   297.0, , -9999.9,M,   178.2, ,
1948,    31.7, ,    24.7, ,    78.7, ,    53.5, , -9999.9,M,    87.2, ,   104.1, , -9999.9,M,    27.6, ,    70.5, ,    59.2, ,    49.3, , -9999.9,M,   129.0, , -9999.9,M, -9999.9,M,   157.3, ,
1949,    80.7, ,    70.8, ,    71.1, ,    21.6, ,    59.3, , -9999.9,M,    34.9, ,    66.3, ,   116.3, ,    49.4, ,    56.4, ,    76.9, , -9999.9,M,   200.8, ,   152.0, , -9999.9,M,   222.1, ,
1950,    79.6, ,    43.7, ,    46.6, ,    39.8, ,    25.3, ,    94.3, ,    62.3, ,    87.9, ,    47.8, ,    74.1, ,    81.3, ,    51.4, ,   734.0, ,   200.2, ,   111.7, ,   244.4, ,   203.3, ,
1951,    67.1, ,    58.1, ,    85.8, ,    42.0, ,    53.9, ,   138.9, ,   103.9, ,   104.2, ,   103.8, ,   118.2, ,    78.0, ,    60.8, ,  1014.7, ,   176.6, ,   181.8, ,   347.0, ,   300.0, ,
1952,    70.9, ,    52.9, ,    62.7, ,    30.7, ,    70.2, ,    94.4, ,    87.8, ,   153.7, ,   125.5, ,    48.8, ,   102.4, ,    68.5, ,   968.6, ,   184.6, ,   163.6, ,   335.9, ,   276.7, ,
1953,   131.1, ,    68.7, ,    95.2, ,    50.1, ,    29.6, ,    61.0, ,    95.5, ,    76.0, ,   136.5, ,    27.9, ,    38.7, ,    71.3, ,   881.8, ,   268.3, ,   174.9, ,   232.6, ,   203.2, ,
1954,    70.9, ,    71.2, ,    69.3, ,    50.4, ,    82.4, ,   145.4, ,    78.6, ,   113.4, ,   180.3, ,   111.7, ,    88.4, ,    78.2, ,  1140.2, ,   213.4, ,   202.1, ,   337.5, ,   380.4, ,
1955,    75.2, ,    35.8, ,    70.9, ,    39.4, ,    76.8, ,    54.5, ,   177.6, ,   109.5, ,    67.7, ,   192.5, ,    87.9, ,    93.3, ,  1081.0, ,   189.1, ,   187.1, ,   341.6, ,   348.1, ,
1956,    31.4, ,    56.0, ,    59.6, ,    69.0, ,   108.9, ,    66.5, ,   132.4, ,   124.3, ,   156.7, ,    40.7, ,    64.0, ,    81.6, ,   991.2, ,   180.8, ,   237.5, ,   323.2, ,   261.4, ,
1957,    41.8, ,    86.8, ,    13.6, ,    69.9, ,    39.3, ,   199.5, ,    86.8, ,    51.5, ,   216.6, ,    71.7, ,    73.6, ,   108.1, ,  1059.2, ,   210.1, ,   122.8, ,   337.8, ,   361.9, ,
1958,    80.2, ,    84.0, ,    17.3, ,    29.8, ,    89.9, ,    90.2, ,    71.3, ,   127.4, ,   109.0, ,   140.4, ,    51.5, ,    73.6, ,   964.6, ,   272.3, ,   137.0, ,   288.9, ,   300.9, ,
1959,    91.2, ,    23.2, ,    74.6, ,    59.5, ,    68.1, ,    69.0, ,    75.4, ,   149.1, ,   138.7, ,   102.4, ,   117.6, ,    72.5, ,  1041.3, ,   187.9, ,   202.3, ,   293.4, ,   358.7, ,
1960,    75.0, ,    92.7, ,    47.2, ,    77.0, ,   106.8, ,   215.9, ,   152.4, ,    72.0, ,    97.1, ,    61.8, ,    93.0, ,    50.0, ,  1140.7, ,   240.2, ,   231.0, ,   440.2, ,   251.9, ,
1961,    41.1, ,    47.8, ,    42.5, ,    64.4, ,    59.5, ,    96.5, ,   104.1, ,   112.0, ,   212.1, ,    42.8, ,    77.0, ,    62.1, ,   961.9, ,   138.9, ,   166.4, ,   312.6, ,   331.8, ,
1962,   134.8, ,    82.8, ,    33.0, ,    47.4, ,    78.0, ,    61.3, ,    65.6, ,   121.0, ,    73.5, ,    49.1, ,     9.4, ,    91.0, ,   847.0, ,   279.7, ,   158.4, ,   247.9, ,   131.9, ,
1963,    53.0, ,    49.1, ,    56.4, ,    57.0, ,    59.2, ,    59.0, ,    96.3, ,   210.3, ,    72.1, ,    25.9, ,    77.9, ,    36.2, ,   852.4, ,   193.2, ,   172.6, ,   365.6, ,   175.9, ,
1964,    85.5, ,    71.6, ,    77.3, ,    45.3, ,    98.9, ,   105.9, ,    43.9, ,   129.2, ,    89.7, ,    58.8, ,    66.4, ,   122.5, ,   995.1, ,   193.4, ,   221.6, ,   279.0, ,   214.9, ,
1965,    77.7, ,    95.4, ,    11.8, ,    26.4, ,    53.6, ,    38.5, ,    97.6, ,   148.9, ,   134.8, ,    63.2, ,    84.2, ,    81.0, ,   913.2, ,   295.6, ,    91.8, ,   285.0, ,   282.3, ,
1966,    67.8, ,    45.7, ,    88.0, ,    34.8, ,    41.1, ,    73.4, ,   158.2, ,   193.0, ,    89.0, ,    96.3, ,   165.7, ,    86.3, ,  1139.3, ,   194.4, ,   163.9, ,   424.6, ,   351.0, ,
1967,   116.4, ,    79.1, ,    43.1, ,   110.4, ,    59.7, ,   118.3, ,   121.7, ,   119.7, ,    84.5, ,    88.8, ,   142.5, ,    61.3, ,  1145.6, ,   281.9, ,   213.3, ,   359.6, ,   315.9, ,
1968,    17.2, ,    62.7, ,    43.6, ,    49.1, ,    52.0, ,   155.0, ,   201.7, ,    69.5, ,   101.3, ,    72.0, ,    64.0, ,   100.7, ,   988.6, ,   141.1, ,   144.6, ,   426.1, ,   237.3, ,
1969,    71.7, ,    23.1, ,    56.2, ,    41.5, ,    65.1, ,   132.3, ,    95.3, ,    71.1, ,    88.3, ,   161.4, ,   128.4, ,    64.5, ,   998.9, ,   195.5, ,   162.7, ,   298.7, ,   378.1, ,
1970,    54.4, ,    35.2, ,    52.6, ,    49.6, ,   155.7, ,   163.9, ,   123.3, ,    55.3, ,   144.2, ,    76.6, ,    64.1, ,    60.1, ,  1034.9, ,   154.1, ,   257.8, ,   342.5, ,   284.9, ,
1971,   110.2, ,    73.3, ,    59.0, ,    33.6, ,    57.6, ,    67.1, ,   129.3, ,    90.9, ,    61.7, ,    77.2, ,    95.5, ,    94.7, ,   950.1, ,   243.7, ,   150.2, ,   287.3, ,   234.4, ,
1972,    76.4, ,    79.2, ,    83.2, ,    15.2, ,    40.8, ,    84.7, ,   100.2, ,   150.0, ,    69.5, ,    50.9, ,    39.8, ,   108.8, ,   898.8, ,   250.3, ,   139.2, ,   334.9, ,   160.2, ,
1973,    52.7, ,    34.6, ,    75.3, ,    48.7, ,   101.9, ,   131.5, ,    83.7, ,   175.1, ,   117.5, ,   152.3, ,    83.2, ,    59.4, ,  1115.9, ,   196.1, ,   225.9, ,   390.3, ,   353.0, ,
1974,   103.2, ,    91.9, ,    36.8, ,   104.7, ,   123.2, ,    91.7, ,   126.8, ,    51.7, ,   203.5, ,    88.8, ,    51.2, ,    81.4, ,  1154.9, ,   254.5, ,   264.7, ,   270.3, ,   343.5, ,
1975,    71.0, ,    40.7, ,    48.3, ,    47.4, ,    90.7, ,    61.5, ,   107.4, ,    39.3, ,    93.8, ,    76.0, ,    66.7, ,    68.2, ,   810.8, ,   193.0, ,   186.3, ,   208.2, ,   236.4, ,
1976,    68.4, ,    95.0, ,    98.8, ,    38.9, ,   107.5, ,    72.8, ,    89.0, ,    89.8, ,   118.3, ,    90.5, ,    95.8, ,    91.0, ,  1055.9, ,   231.7, ,   245.2, ,   251.6, ,   304.6, ,
1977,    64.7, ,    92.2, ,    77.8, ,    76.1, ,    39.7, ,   107.9, ,    71.8, ,   121.0, ,    71.2, ,    70.4, ,    80.2, ,    72.5, ,   945.6, ,   247.9, ,   193.7, ,   300.7, ,   221.8, ,
1978,    92.6, ,    26.3, ,    45.1, ,    44.0, ,    63.8, ,   113.2, ,    89.6, ,    92.6, ,   153.3, ,    83.9, ,    44.5, ,   134.2, ,   983.0, ,   191.4, ,   152.9, ,   295.4, ,   281.6, ,
1979,    71.2, ,    21.9, ,   135.7, ,   113.5, ,   108.0, ,   143.2, ,    92.9, ,   112.2, ,   115.3, ,   131.6, ,   105.8, ,    58.2, ,  1209.4, ,   227.4, ,   357.2, ,   348.3, ,   352.6, ,
1980,    49.4, ,    17.3, ,   112.6, ,   116.1, ,    38.5, ,    57.5, ,   141.5, ,   138.7, ,   132.7, ,    89.3, ,    85.8, ,    68.3, ,  1047.6, ,   124.8, ,   267.3, ,   337.7, ,   307.8, ,
1981,    54.9, ,    67.2, ,    80.0, ,    99.3, ,    67.0, ,   120.9, ,    32.1, ,    66.5, ,    72.1, ,   153.3, ,    56.6, ,    75.1, ,   944.8, ,   190.3, ,   246.2, ,   219.5, ,   281.9, ,
1982,    83.3, ,    23.8, ,    25.5, ,    74.9, ,    49.6, ,   129.0, ,    57.7, ,   119.9, ,   122.3, ,    99.7, ,    68.6, ,    94.9, ,   949.3, ,   182.2, ,   149.9, ,   306.6, ,   290.7, ,
1983,    56.7, ,    45.7, ,    80.1, ,    78.1, ,   151.1, ,    61.6, ,   110.5, ,    55.1, ,   110.0, ,   121.5, ,    57.3, ,    92.9, ,  1020.7, ,   197.4, ,   309.4, ,   227.1, ,   288.8, ,
1984,    59.3, ,    56.3, ,    25.9, ,    68.6, ,   151.7, ,   148.4, ,   108.5, ,   146.4, ,    85.1, ,    87.4, ,   135.6, ,   122.1, ,  1195.2, ,   208.5, ,   246.2, ,   403.3, ,   308.0, ,
1985,    68.1, ,    93.6, ,   103.7, ,    85.9, ,    66.6, ,    52.0, ,   190.1, ,    66.7, ,    86.0, ,    73.5, ,    98.7, ,    87.9, ,  1072.8, ,   283.8, ,   256.3, ,   308.8, ,   258.1, ,
1986,    52.0, ,    28.2, ,   114.4, ,   103.5, ,   109.3, ,    59.4, ,    91.6, ,    93.7, ,   147.3, ,   149.5, ,    54.6, ,    86.7, ,  1090.2, ,   168.1, ,   327.3, ,   244.6, ,   351.4, ,
1987,    49.1, ,    43.7, ,    66.5, ,    56.3, ,    66.2, ,   101.4, ,    79.4, ,    60.2, ,    68.6, ,    71.0, ,    62.4, ,   103.1, ,   827.9, ,   179.5, ,   189.0, ,   241.0, ,   202.0, ,
1988,    97.1, ,   106.7, ,    59.1, ,   108.3, ,    73.9, ,    98.4, ,    41.3, ,   242.4, ,   119.8, ,   147.2, ,    93.4, ,    80.6, ,  1268.0, ,   306.9, ,   241.3, ,   382.0, ,   360.3, ,
1989,    98.0, ,    20.1, ,    80.4, , -9999.9,M,   134.7, ,   123.3, ,   163.3, ,   116.4, ,    44.4, ,    85.8, ,   155.8, ,    85.1, , -9999.9,M,   198.7, , -9999.9,M,   403.0, ,   285.9, ,
1990,    87.4, ,    67.6, ,    31.4, ,    79.7, ,    89.9, ,   147.0, ,   101.2, ,   138.8, ,   121.8, ,   136.9, ,   112.0, ,    77.5, ,  1191.2, ,   240.2, ,   201.1, ,   387.0, ,   370.6, ,
1991,    76.4, ,    26.6, ,    86.5, ,    79.7, ,    72.2, ,    75.6, ,    81.0, ,   186.6, ,   101.3, ,    95.6, ,    60.1, ,    86.3, ,  1028.0, ,   180.5, ,   238.5, ,   343.3, ,   257.0, ,
1992,    70.6, ,    68.0, ,   119.5, ,    56.0, ,    57.7, ,    74.5, ,   126.7, ,   124.5, ,   118.8, ,    69.0, ,    81.6, ,    92.2, ,  1059.3, ,   224.8, ,   233.2, ,   325.7, ,   269.5, ,
1993,    47.7, ,    25.6, ,    32.1, ,    77.0, ,   145.2, ,    70.5, ,    87.4, ,   159.6, ,   126.5, ,   145.9, ,   104.5, ,    61.8, ,  1083.8, ,   165.5, ,   254.2, ,   317.5, ,   377.0, ,
1994,    57.3, ,    38.3, ,    46.5, ,    62.4, ,    69.0, ,   121.5, ,   118.0, ,    73.3, ,    80.6, ,    76.7, ,    82.9, ,    40.4, ,   866.8, ,   157.4, ,   177.8, ,   312.7, ,   240.2, ,
1995,    72.4, ,    65.2, ,    61.1, ,    96.7, ,   171.7, ,    41.3, ,   134.6, ,    55.2, ,   101.7, ,   103.0, ,   177.6, ,    59.4, ,  1139.9, ,   178.0, ,   329.5, ,   231.1, ,   382.4, ,
1996,    93.9, ,    73.0, ,    26.6, ,   108.7, ,    56.3, , -9999.9,M, -9999.9,M, -9999.9,M, -9999.9,M, -9999.9,M, -9999.9,M, -9999.9,M, -9999.9,M,   226.3, ,   191.7, , -9999.9,M, -9999.9,M,
1997, -9999.9,M, -9999.9,M, -9999.9,M, -9999.9,M, -9999.9,M, -9999.9,M, -9999.9,M, -9999.9,M, -9999.9,M, -9999.9,M, -9999.9,M, -9999.9,M, -9999.9,M, -9999.9,M, -9999.9,M, -9999.9,M, -9999.9,M,
1998, -9999.9,M, -9999.9,M, -9999.9,M, -9999.9,M, -9999.9,M, -9999.9,M, -9999.9,M, -9999.9,M, -9999.9,M, -9999.9,M, -9999.9,M, -9999.9,M, -9999.9,M, -9999.9,M, -9999.9,M, -9999.9,M, -9999.9,M,
1999, -9999.9,M, -9999.9,M, -9999.9,M, -9999.9,M, -9999.9,M, -9999.9,M, -9999.9,M, -9999.9,M, -9999.9,M, -9999.9,M, -9999.9,M, -9999.9,M, -9999.9,M, -9999.9,M, -9999.9,M, -9999.9,M, -9999.9,M,
2000, -9999.9,M, -9999.9,M, -9999.9,M, -9999.9,M, -9999.9,M, -9999.9,M, -9999.9,M, -9999.9,M, -9999.9,M, -9999.9,M, -9999.9,M, -9999.9,M, -9999.9,M, -9999.9,M, -9999.9,M, -9999.9,M, -9999.9,M,
2001, -9999.9,M, -9999.9,M, -9999.9,M, -9999.9,M, -9999.9,M, -9999.9,M, -9999.9,M, -9999.9,M, -9999.9,M, -9999.9,M, -9999.9,M, -9999.9,M, -9999.9,M, -9999.9,M, -9999.9,M, -9999.9,M, -9999.9,M,
2002, -9999.9,M, -9999.9,M, -9999.9,M, -9999.9,M, -9999.9,M, -9999.9,M, -9999.9,M, -9999.9,M, -9999.9,M, -9999.9,M, -9999.9,M, -9999.9,M, -9999.9,M, -9999.9,M, -9999.9,M, -9999.9,M, -9999.9,M,
2003, -9999.9,M, -9999.9,M, -9999.9,M, -9999.9,M, -9999.9,M, -9999.9,M, -9999.9,M, -9999.9,M, -9999.9,M, -9999.9,M, -9999.9,M, -9999.9,M, -9999.9,M, -9999.9,M, -9999.9,M, -9999.9,M, -9999.9,M,
2004, -9999.9,M, -9999.9,M, -9999.9,M, -9999.9,M, -9999.9,M, -9999.9,M, -9999.9,M, -9999.9,M, -9999.9,M, -9999.9,M, -9999.9,M, -9999.9,M, -9999.9,M, -9999.9,M, -9999.9,M, -9999.9,M, -9999.9,M,
2005, -9999.9,M, -9999.9,M, -9999.9,M, -9999.9,M, -9999.9,M, -9999.9,M, -9999.9,M, -9999.9,M, -9999.9,M, -9999.9,M, -9999.9,M, -9999.9,M, -9999.9,M, -9999.9,M, -9999.9,M, -9999.9,M, -9999.9,M,
2006, -9999.9,M, -9999.9,M, -9999.9,M, -9999.9,M, -9999.9,M, -9999.9,M, -9999.9,M, -9999.9,M, -9999.9,M, -9999.9,M, -9999.9,M, -9999.9,M, -9999.9,M, -9999.9,M, -9999.9,M, -9999.9,M, -9999.9,M,
2007, -9999.9,M, -9999.9,M, -9999.9,M, -9999.9,M, -9999.9,M, -9999.9,M, -9999.9,M, -9999.9,M, -9999.9,M, -9999.9,M, -9999.9,M, -9999.9,M, -9999.9,M, -9999.9,M, -9999.9,M, -9999.9,M, -9999.9,M,
2008, -9999.9,M, -9999.9,M, -9999.9,M, -9999.9,M, -9999.9,M, -9999.9,M, -9999.9,M, -9999.9,M, -9999.9,M, -9999.9,M, -9999.9,M, -9999.9,M, -9999.9,M, -9999.9,M, -9999.9,M, -9999.9,M, -9999.9,M,
2009, -9999.9,M, -9999.9,M, -9999.9,M, -9999.9,M, -9999.9,M, -9999.9,M, -9999.9,M, -9999.9,M, -9999.9,M, -9999.9,M, -9999.9,M, -9999.9,M, -9999.9,M, -9999.9,M, -9999.9,M, -9999.9,M, -9999.9,M,
2010, -9999.9,M, -9999.9,M, -9999.9,M, -9999.9,M, -9999.9,M, -9999.9,M, -9999.9,M, -9999.9,M, -9999.9,M, -9999.9,M, -9999.9,M, -9999.9,M, -9999.9,M, -9999.9,M, -9999.9,M, -9999.9,M, -9999.9,M,
2011, -9999.9,M, -9999.9,M, -9999.9,M, -9999.9,M, -9999.9,M, -9999.9,M, -9999.9,M, -9999.9,M, -9999.9,M, -9999.9,M, -9999.9,M, -9999.9,M, -9999.9,M, -9999.9,M, -9999.9,M, -9999.9,M, -9999.9,M,
