8205700,SYDNEY A                 ,NS  ,station joined    , Monthly total of daily adjusted precipitation, mm, Updated to December 2010
8205700,SYDNEY A                 ,NS  ,station jointe    , Total mensuel des chutes de précipitations quotidiennes ajustées, mm, Mise à jour jusqu à décembre 2010
Year,     Jan, ,     Feb, ,     Mar, ,     Apr, ,     May, ,     Jun, ,     Jul, ,     Aug, ,     Sep, ,     Oct, ,     Nov, ,     Dec, ,  Annual, ,  Winter, ,  Spring, ,  Summer, ,  Autumn
An  ,    Janv, ,     Fév, ,    Mars, ,     Avr, ,     Mai, ,    Juin, ,    Juil, ,    Août, ,    Sept, ,     Oct, ,     Nov, ,     Déc, ,  Annuel, ,   Hiver, ,Printemp, ,     Eté, , Automne
1870, -9999.9,M, -9999.9,M, -9999.9,M, -9999.9,M, -9999.9,M, -9999.9,M, -9999.9,M, -9999.9,M, -9999.9,M, -9999.9,M, -9999.9,M, -9999.9,M, -9999.9,M, -9999.9,M, -9999.9,M, -9999.9,M, -9999.9,M,
1871, -9999.9,M, -9999.9,M, -9999.9,M, -9999.9,M, -9999.9,M, -9999.9,M, -9999.9,M, -9999.9,M, -9999.9,M, -9999.9,M, -9999.9,M, -9999.9,M, -9999.9,M, -9999.9,M, -9999.9,M, -9999.9,M, -9999.9,M,
1872, -9999.9,M, -9999.9,M, -9999.9,M, -9999.9,M, -9999.9,M, -9999.9,M, -9999.9,M, -9999.9,M, -9999.9,M, -9999.9,M, -9999.9,M, -9999.9,M, -9999.9,M, -9999.9,M, -9999.9,M, -9999.9,M, -9999.9,M,
1873,   236.5, ,   110.2, ,   167.8, ,   169.0, ,    49.2, , -9999.9,M, -9999.9,M,   116.3, ,   124.7, ,   159.7, ,   213.9, , -9999.9,M, -9999.9,M, -9999.9,M,   385.9, , -9999.9,M,   498.3, ,
1874,   143.6, ,   173.6, ,   134.9, ,   185.7, ,   167.5, ,   161.9, ,    47.6, ,    53.3, ,   117.8, ,    92.7, ,   102.2, ,   183.3, ,  1564.1, , -9999.9,M,   488.2, ,   262.8, ,   312.7, ,
1875,   175.0, ,   215.4, ,    84.5, ,    89.5, ,    51.7, ,    40.8, ,   122.3, ,   135.4, ,    54.0, ,   115.9, ,   221.2, ,    68.0, ,  1373.9, ,   573.8, ,   225.7, ,   298.6, ,   391.2, ,
1876,   192.2, ,   187.8, ,   111.3, ,   113.9, ,    84.2, ,   148.8, ,   195.9, ,   134.5, ,    73.4, ,   113.1, ,   152.5, ,   131.1, ,  1638.6, ,   448.0, ,   309.3, ,   479.1, ,   339.0, ,
1877,   112.7, ,    94.1, ,   238.1, ,   120.4, ,   138.1, ,    50.6, ,   108.0, ,    49.7, ,    92.2, ,   152.3, ,   213.2, ,   162.8, ,  1532.2, ,   338.0, ,   496.6, ,   208.3, ,   457.7, ,
1878,   148.4, ,    78.0, ,   283.0, ,   154.6, ,    80.6, ,    81.8, ,    41.6, ,   165.0, ,    28.1, ,    98.0, ,   182.6, ,   139.3, ,  1481.2, ,   389.2, ,   518.3, ,   288.4, ,   308.8, ,
1879,   136.8, ,    72.1, ,   155.1, ,    90.8, ,   108.2, ,    74.1, ,   116.9, ,    67.5, ,   102.0, ,    79.0, ,   137.7, ,   144.3, ,  1284.5, ,   348.2, ,   354.0, ,   258.6, ,   318.7, ,
1880,   211.0, ,   177.4, ,   154.0, ,   118.7, ,    62.7, ,    70.8, ,   117.9, ,    81.8, ,   112.4, ,   117.1, ,   105.9, ,   159.0, ,  1488.6, ,   532.7, ,   335.3, ,   270.5, ,   335.4, ,
1881,   178.3, ,   203.1, ,    96.7, ,    78.4, ,    83.5, ,   105.5, ,   107.8, ,   111.5, ,    62.2, ,    98.0, ,    86.2, ,   139.2, ,  1350.4, ,   540.3, ,   258.6, ,   324.9, ,   246.3, ,
1882,   182.6, ,   202.2, ,   193.4, ,    92.2, ,   151.7, ,   167.1, ,   100.3, ,   148.3, ,   210.5, ,   145.3, ,   154.1, ,    88.2, ,  1835.9, ,   523.9, ,   437.4, ,   415.6, ,   510.0, ,
1883,   139.6, ,    95.0, ,   235.5, ,    77.2, ,   273.7, ,    83.3, ,   179.0, ,   163.7, ,    98.6, ,   162.4, ,   130.1, ,   155.6, ,  1793.7, ,   322.8, ,   586.4, ,   426.1, ,   391.1, ,
1884,   146.2, ,   179.4, ,   163.2, ,   124.6, ,   122.0, ,   123.1, ,   246.9, ,    52.2, ,    49.8, ,    60.9, ,   259.3, ,   209.8, ,  1737.4, ,   481.1, ,   409.8, ,   422.3, ,   370.1, ,
1885,   209.3, ,    91.4, ,   157.3, ,   159.3, ,    66.5, ,   100.0, ,    83.8, ,   111.8, ,    61.8, ,   166.7, ,   160.6, ,   210.8, ,  1579.3, ,   510.5, ,   383.0, ,   295.6, ,   389.1, ,
1886,   259.7, ,    94.7, ,   102.6, ,    33.6, ,   181.2, ,    87.2, ,    67.9, ,    95.3, ,    97.4, ,    83.2, ,   123.8, ,   133.4, ,  1359.8, ,   565.2, ,   317.4, ,   250.4, ,   304.3, ,
1887,   227.7, ,   178.3, ,   145.7, ,   156.1, ,    48.9, ,    35.0, ,    19.6, ,   172.6, ,   167.5, ,   121.1, ,   150.8, ,    92.3, ,  1515.5, ,   539.4, ,   350.7, ,   227.2, ,   439.4, ,
1888,   167.7, ,   145.1, ,    61.8, ,   167.9, ,    74.5, ,    89.7, ,   111.4, ,   114.4, ,    58.5, ,   140.5, ,   129.7, ,   173.1, ,  1434.3, ,   405.0, ,   304.2, ,   315.5, ,   328.7, ,
1889,    97.4, ,   158.7, ,    71.3, ,   130.5, ,    78.3, ,   126.4, ,    87.4, ,    33.5, ,    45.4, ,   122.3, ,   141.9, ,   120.1, ,  1213.3, ,   429.3, ,   280.1, ,   247.3, ,   309.6, ,
1890,    98.3, ,    99.7, ,   147.0, ,    71.1, ,    61.6, ,   148.2, ,    52.3, ,   106.1, ,    91.0, ,   194.0, ,   106.7, ,   276.4, ,  1452.6, ,   318.1, ,   279.8, ,   306.6, ,   391.8, ,
1891,   197.6, ,   152.4, ,    93.5, ,   158.0, ,   110.5, ,   151.6, ,   175.5, ,    36.9, ,   101.3, ,   274.8, ,    43.7, ,    95.7, ,  1591.7, ,   626.4, ,   362.1, ,   364.0, ,   419.9, ,
1892,   210.8, ,   173.1, ,   216.0, ,    58.1, ,   142.1, ,    26.8, ,    44.6, ,   180.8, ,    70.4, ,   129.3, ,   164.2, ,    97.0, ,  1513.3, ,   479.6, ,   416.2, ,   252.3, ,   363.9, ,
1893,   228.5, , -9999.9,M, -9999.9,M, -9999.9,M, -9999.9,M,    21.0, ,   119.9, ,   183.4, ,   106.8, ,   125.8, ,   133.8, ,   217.6, , -9999.9,M, -9999.9,M, -9999.9,M,   324.3, ,   366.5, ,
1894,    76.8, ,    82.3, ,   202.6, ,   152.5, ,    30.3, ,    91.1, ,    58.2, ,   111.6, ,    31.5, ,   147.3, ,   161.0, ,   111.3, ,  1256.4, ,   376.7, ,   385.4, ,   260.8, ,   339.8, ,
1895,   182.6, ,   164.3, ,   122.4, ,    64.7, ,   132.7, ,     7.9, ,    67.1, ,    78.8, ,    78.1, ,   136.1, ,   195.0, ,   141.2, ,  1371.0, ,   458.2, ,   319.9, ,   153.7, ,   409.2, ,
1896,   152.8, ,   117.2, ,   199.4, ,    72.6, ,    83.5, ,    94.1, ,   153.2, ,    45.2, ,   122.1, ,   211.0, ,   101.0, ,    87.4, ,  1439.3, ,   411.2, ,   355.5, ,   292.5, ,   434.0, ,
1897,   117.0, ,   128.6, ,   143.7, ,   110.6, ,   131.8, ,    42.0, ,    39.7, ,   104.3, ,    99.0, ,    59.7, ,   140.9, ,    83.5, ,  1200.8, ,   333.1, ,   386.0, ,   186.0, ,   299.6, ,
1898,   218.1, ,    94.2, ,   100.6, ,   152.4, ,    42.3, ,    56.5, ,    69.3, ,    88.5, ,    75.1, ,   101.5, ,   251.5, ,   187.9, ,  1438.0, ,   395.8, ,   295.3, ,   214.3, ,   428.1, ,
1899,   166.0, ,    98.3, ,   117.1, ,    74.9, ,    62.6, ,    93.3, ,   115.4, ,    54.2, ,   113.4, ,   120.9, ,   132.6, ,   221.4, ,  1369.9, ,   452.2, ,   254.6, ,   262.9, ,   366.8, ,
1900,   254.1, ,   218.1, ,   303.1, ,   212.7, ,    89.2, ,    66.5, ,    58.9, ,    69.2, ,   110.0, ,    64.7, ,   234.8, ,   106.5, ,  1787.8, ,   693.6, ,   605.0, ,   194.5, ,   409.6, ,
1901,   199.0, ,   215.8, ,   185.3, ,   142.1, ,   129.6, ,    46.8, ,    39.0, ,    53.3, ,    96.9, ,   130.1, ,   100.2, ,   277.7, ,  1615.7, ,   521.3, ,   457.0, ,   139.0, ,   327.2, ,
1902,   102.2, ,   151.7, ,   148.3, ,    89.9, ,    74.2, ,    86.6, ,    43.8, ,   211.1, ,   105.9, ,   114.6, ,    91.0, ,   255.1, ,  1474.5, ,   531.6, ,   312.5, ,   341.5, ,   311.5, ,
1903,   212.5, ,   143.6, ,   120.3, ,   176.6, ,    46.1, ,    38.0, ,    77.7, ,    46.1, ,   122.1, ,   155.0, ,   170.2, ,   190.2, ,  1498.3, ,   611.2, ,   342.9, ,   161.8, ,   447.3, ,
1904,   236.2, ,   159.0, ,   115.1, ,   152.8, ,    59.1, ,    25.8, ,    93.7, ,   101.0, ,   106.0, ,    82.3, ,   221.4, ,   200.1, ,  1552.5, ,   585.5, ,   327.0, ,   220.5, ,   409.7, ,
1905,   274.6, ,   176.8, ,    67.1, ,    81.0, ,    91.8, ,    85.2, ,    68.7, ,   168.7, ,   105.1, ,    47.6, ,   135.8, ,   149.0, ,  1451.4, ,   651.5, ,   239.9, ,   322.6, ,   288.5, ,
1906,   135.2, ,   211.5, ,   203.6, ,   140.7, ,   157.0, ,   133.5, ,   151.6, ,    71.3, ,    54.0, ,   111.3, ,   205.4, ,   350.2, ,  1925.4, ,   495.7, ,   501.3, ,   356.5, ,   370.7, ,
1907,   176.3, ,   187.8, ,   179.4, ,   122.1, ,    92.7, ,    53.3, ,   133.6, ,    29.1, ,    61.6, ,   191.8, ,   152.0, ,   162.1, ,  1541.7, ,   714.3, ,   394.2, ,   215.9, ,   405.4, ,
1908,   176.9, ,   170.8, ,   199.9, ,   188.2, ,   112.5, ,    80.0, ,    82.3, ,    62.6, ,    57.1, ,    86.6, ,   156.8, ,   225.6, ,  1599.1, ,   509.7, ,   500.5, ,   224.9, ,   300.4, ,
1909,   126.4, ,   130.1, ,   165.2, ,    75.3, ,   114.0, ,    69.5, ,   111.7, ,   108.9, ,    83.3, ,   184.5, ,   141.9, ,   326.9, ,  1637.7, ,   482.1, ,   354.5, ,   290.1, ,   409.7, ,
1910,   177.1, ,   197.1, ,   154.0, ,    94.9, ,    83.7, ,    88.0, ,   103.7, ,    81.6, ,   108.5, ,   239.0, ,   161.2, ,   202.2, ,  1691.1, ,   701.1, ,   332.6, ,   273.4, ,   508.7, ,
1911,   188.1, ,   118.4, ,    97.3, ,    98.1, ,    30.2, ,   127.4, ,    87.8, ,    46.2, ,   200.6, ,    61.1, ,   231.0, ,    74.1, ,  1360.3, ,   508.7, ,   225.6, ,   261.4, ,   492.7, ,
1912,   225.7, ,   112.8, ,   185.8, ,    64.6, ,    59.8, ,    39.6, ,    59.1, ,    76.1, ,    64.1, ,    72.7, ,   138.0, ,   180.9, ,  1279.1, ,   412.5, ,   310.2, ,   174.8, ,   274.8, ,
1913,   148.0, ,   175.9, ,   145.4, ,    96.6, ,    59.8, ,    59.2, ,    73.2, ,    39.3, ,   117.3, ,    81.3, ,    63.9, ,   147.8, ,  1207.8, ,   504.9, ,   301.8, ,   171.7, ,   262.5, ,
1914,    84.8, ,   113.4, ,   142.2, ,   185.1, ,    87.2, ,    58.4, ,    61.9, ,    65.4, ,    33.7, ,    40.3, ,    93.6, ,    67.8, ,  1033.8, ,   346.1, ,   414.5, ,   185.7, ,   167.6, ,
1915,    61.6, ,    84.2, ,   168.3, ,   115.3, ,    44.8, ,   107.4, ,    93.1, ,   132.7, ,    52.1, ,    79.1, ,   225.2, ,   181.9, ,  1345.7, ,   213.6, ,   328.4, ,   333.3, ,   356.4, ,
1916,    61.0, ,   173.8, ,   157.3, ,   118.6, ,    55.3, ,    94.7, ,    60.6, ,    92.1, ,    75.8, ,   112.5, ,   111.2, ,   265.6, ,  1378.6, ,   416.8, ,   331.1, ,   247.4, ,   299.6, ,
1917,   151.6, ,   125.7, ,   100.3, ,   112.9, ,   123.3, ,    56.4, ,   124.1, ,    92.0, ,    78.8, ,   159.3, ,   199.8, ,   312.4, ,  1636.5, ,   542.8, ,   336.5, ,   272.5, ,   437.9, ,
1918,   198.0, ,   215.3, ,   136.7, ,    62.7, ,    24.8, ,    96.5, ,   101.2, ,    73.1, ,   123.2, ,   158.8, ,   100.2, ,   176.7, ,  1467.1, ,   725.7, ,   224.2, ,   270.9, ,   382.1, ,
1919,   145.6, ,   113.7, ,   144.7, ,   161.4, ,   129.7, ,    72.5, ,   114.0, ,   107.8, ,   122.7, ,    84.4, ,   132.4, ,   148.4, ,  1477.3, ,   436.0, ,   435.8, ,   294.3, ,   339.4, ,
1920,    77.7, ,   163.9, ,    89.3, ,   297.4, ,    65.0, ,    76.8, ,    55.9, ,    81.7, ,    99.1, ,    15.5, ,   128.8, ,    97.3, ,  1248.4, ,   390.0, ,   451.8, ,   214.4, ,   243.4, ,
1921,   146.2, ,   207.5, ,   132.8, ,    73.2, ,    36.2, ,    19.7, ,    21.6, ,    23.2, ,    53.4, ,    80.5, ,   118.3, ,   181.8, ,  1094.3, ,   451.0, ,   242.2, ,    64.5, ,   252.1, ,
1922,   229.8, ,   145.1, ,    61.0, ,    68.2, ,    79.7, ,    83.2, ,   184.6, ,   213.6, ,   112.0, ,   133.2, ,   188.1, ,   212.5, ,  1711.1, ,   556.7, ,   208.9, ,   481.4, ,   433.3, ,
1923,   227.9, ,    47.4, ,   242.7, ,   103.6, ,   148.8, ,    38.0, ,   137.3, ,   148.7, ,    95.0, ,   203.1, ,    72.2, ,   140.2, ,  1604.9, ,   487.8, ,   495.1, ,   324.0, ,   370.3, ,
1924,   229.4, ,   200.9, ,   151.7, ,   119.4, ,    88.3, ,    75.4, ,    34.0, ,   179.1, ,    92.4, ,    65.8, ,    76.7, ,   104.3, ,  1417.5, ,   570.5, ,   359.4, ,   288.5, ,   235.0, ,
1925,   204.4, ,   103.1, ,   111.5, ,    71.8, ,    83.1, ,   100.5, ,    40.0, ,   102.0, ,   147.1, ,   252.5, ,   110.4, ,    73.4, ,  1399.8, ,   411.8, ,   266.4, ,   242.5, ,   510.0, ,
1926,   167.8, ,   232.1, ,   160.0, ,   153.9, ,   162.2, ,    84.9, ,   108.7, ,    83.0, ,    39.3, ,   145.8, ,   100.2, ,   280.0, ,  1717.8, ,   473.3, ,   476.2, ,   276.6, ,   285.3, ,
1927,   207.4, ,   205.5, ,   159.6, ,   124.1, ,    84.5, ,    89.7, ,   114.7, ,   158.2, ,   110.8, ,   181.8, ,   116.1, ,   176.9, ,  1729.2, ,   692.8, ,   368.2, ,   362.6, ,   408.7, ,
1928,   189.8, ,   191.8, ,   120.5, ,   104.0, ,   161.1, ,    68.4, ,   100.7, ,    46.7, ,   115.6, ,   147.6, ,   133.2, ,   196.6, ,  1575.8, ,   558.5, ,   385.5, ,   215.7, ,   396.5, ,
1929,   172.5, ,   128.2, ,    93.1, ,   136.9, ,   124.7, ,    29.1, ,    82.0, ,    85.7, ,    93.5, ,   118.0, ,   144.2, ,   169.5, ,  1377.5, ,   497.3, ,   354.7, ,   196.8, ,   355.7, ,
1930,   174.9, ,   159.2, ,   110.1, ,    64.7, ,   117.2, ,    25.0, ,    93.8, ,    88.2, ,   101.3, ,   166.3, ,    91.5, ,   255.0, ,  1447.2, ,   503.6, ,   292.0, ,   207.0, ,   359.1, ,
1931,   237.9, ,   283.0, ,   215.7, ,   109.8, ,    99.3, ,   117.4, ,    59.0, ,   175.6, ,   112.3, ,    67.6, ,    40.4, ,   176.3, ,  1694.5, ,   776.0, ,   424.9, ,   352.0, ,   220.3, ,
1932,   159.8, ,   222.8, ,   148.2, ,   131.1, ,    29.9, ,    54.3, ,   104.9, ,   119.8, ,   330.3, ,   100.4, ,   150.1, ,    71.3, ,  1622.8, ,   558.9, ,   309.1, ,   279.1, ,   580.7, ,
1933,   207.3, ,   233.0, ,   219.0, ,    68.7, ,    51.2, ,   118.0, ,    78.9, ,   115.4, ,   135.4, ,   299.3, ,   188.7, ,   125.5, ,  1840.3, ,   511.5, ,   338.9, ,   312.3, ,   623.4, ,
1934,   124.9, ,   193.4, ,   101.4, ,   149.6, ,    84.2, ,    42.3, ,   107.6, ,    40.3, ,    37.6, ,   231.1, ,   175.8, ,   145.6, ,  1433.7, ,   443.9, ,   335.2, ,   190.1, ,   444.5, ,
1935,   305.0, ,   144.3, ,   145.2, ,    96.0, ,    66.7, ,    53.9, ,    82.8, ,   137.9, ,   139.8, ,    96.8, ,   179.4, ,   192.1, ,  1639.8, ,   595.0, ,   307.9, ,   274.5, ,   416.0, ,
1936,   222.5, ,   118.8, ,   128.7, ,   176.2, ,   120.8, ,   102.4, ,    84.8, ,   177.3, ,    93.3, ,   118.4, ,   169.2, ,   218.4, ,  1730.9, ,   533.4, ,   425.8, ,   364.5, ,   380.9, ,
1937,   130.8, ,   107.4, ,   114.8, ,    76.1, ,    84.5, ,    85.0, ,    10.9, ,   126.8, ,   220.4, ,   136.2, ,   200.0, ,   274.5, ,  1567.4, ,   456.7, ,   275.4, ,   222.7, ,   556.6, ,
1938,    87.8, ,   100.0, ,   105.6, ,   153.8, ,    72.0, ,   110.2, ,    99.1, ,   159.4, ,   158.0, ,   133.3, ,   183.3, ,   160.3, ,  1522.8, ,   462.3, ,   331.3, ,   368.7, ,   474.6, ,
1939,   115.3, ,   154.7, ,   176.0, ,   107.1, ,    69.3, ,    75.5, ,    99.1, ,    47.7, ,    78.0, ,   153.9, ,    63.0, ,   140.2, ,  1279.6, ,   430.3, ,   352.4, ,   222.2, ,   294.8, ,
1940,    65.2, ,   105.3, ,   182.8, ,   125.7, ,    94.1, ,   292.2, ,    81.3, ,    82.2, ,   144.9, ,    85.2, ,    94.8, ,   181.4, ,  1535.0, ,   310.7, ,   402.5, ,   455.7, ,   324.8, ,
1941,   157.1, ,   113.5, ,   110.8, ,   139.4, ,   156.7, ,    70.5, ,    72.9, ,    91.6, ,    67.4, ,   162.7, ,   134.7, ,   187.0, ,  1464.4, ,   452.0, ,   407.0, ,   235.0, ,   364.8, ,
1942,   177.2, ,    95.8, ,   177.7, ,   168.8, ,    62.6, ,   110.5, ,   126.5, ,    65.4, ,   125.7, ,   182.9, ,   155.8, ,   125.4, ,  1574.3, ,   460.1, ,   409.0, ,   302.4, ,   464.4, ,
1943,    78.1, ,   160.3, ,   142.1, ,    74.3, ,   133.6, ,    81.1, ,   101.4, ,   121.1, ,   161.3, ,   117.0, ,   239.9, ,    74.4, ,  1484.7, ,   363.9, ,   350.0, ,   303.7, ,   518.2, ,
1944,    77.1, ,   138.1, ,    73.5, ,    97.4, ,    47.1, ,   142.6, ,    62.5, ,    30.5, ,   118.2, ,   268.4, ,   213.5, ,   189.6, ,  1458.6, ,   289.6, ,   218.0, ,   235.6, ,   600.1, ,
1945,   218.7, ,   117.2, ,    84.4, ,   104.1, ,   173.0, ,   169.2, ,    71.1, ,   107.8, ,    97.4, ,   228.4, ,   227.2, ,   162.7, ,  1761.4, ,   525.5, ,   361.5, ,   348.2, ,   553.1, ,
1946,    88.0, ,   138.8, ,    53.4, ,   149.1, ,   109.2, ,    44.3, ,    75.0, ,   147.8, ,   139.6, ,    80.6, ,    51.0, ,   206.3, ,  1283.0, ,   389.5, ,   311.7, ,   267.1, ,   271.2, ,
1947,   131.9, ,   137.9, ,   183.9, ,    84.1, ,   148.0, ,   112.2, ,    80.4, ,    77.8, ,   239.9, ,    50.6, ,   176.8, ,   148.7, ,  1572.1, ,   476.0, ,   415.9, ,   270.4, ,   467.3, ,
1948,   254.0, ,   124.9, ,   104.4, ,   159.0, ,   174.3, ,    87.2, ,    61.2, ,    88.8, ,   130.6, ,   110.2, ,   135.3, ,   174.8, ,  1604.6, ,   527.6, ,   437.6, ,   237.3, ,   376.0, ,
1949,   129.9, ,   210.1, ,   172.2, ,   113.5, ,    90.1, ,    83.4, ,    44.9, ,    75.7, ,   272.0, ,    90.2, ,   227.9, ,    78.0, ,  1588.0, ,   514.9, ,   375.8, ,   204.0, ,   590.0, ,
1950,   142.2, ,   159.8, ,   143.7, ,   192.4, ,    90.9, ,    57.4, ,    41.3, ,    93.8, ,    46.7, ,    71.8, ,    63.3, ,   172.5, ,  1276.0, ,   380.0, ,   427.1, ,   192.6, ,   181.8, ,
1951,   145.1, ,   172.3, ,    99.9, ,   181.9, ,   107.8, ,    76.8, ,    67.1, ,   216.3, ,    40.3, ,    82.0, ,   192.3, ,   225.1, ,  1607.1, ,   489.9, ,   389.7, ,   360.2, ,   314.6, ,
1952,   274.7, ,   296.1, ,   136.8, ,    61.8, ,   173.8, ,    84.7, ,    36.2, ,   155.2, ,    42.7, ,    70.5, ,   138.7, ,   132.6, ,  1603.7, ,   795.9, ,   372.3, ,   276.1, ,   251.8, ,
1953,   120.7, ,   163.8, ,   168.6, ,   114.8, ,    82.3, ,    60.4, ,   103.6, ,    84.4, ,    69.1, ,   140.3, ,    75.9, ,   230.5, ,  1414.4, ,   417.1, ,   365.7, ,   248.4, ,   285.3, ,
1954,   290.3, ,   179.3, ,   142.6, ,    56.4, ,   142.1, ,    32.8, ,   143.6, ,   166.5, ,    46.4, ,   146.2, ,   150.3, ,   167.5, ,  1663.9, ,   700.1, ,   341.0, ,   342.8, ,   342.9, ,
1955,   253.2, ,   143.7, ,   163.5, ,   131.2, ,   113.9, ,   118.1, ,   115.8, ,   109.3, ,   135.6, ,   129.9, ,   159.2, ,   165.6, ,  1738.8, ,   564.4, ,   408.5, ,   343.1, ,   424.7, ,
1956,   288.7, ,   213.9, ,   282.0, ,   137.6, ,   168.4, ,   113.1, ,    69.8, ,   100.2, ,    40.0, ,    43.0, ,   206.9, ,   159.9, ,  1823.6, ,   668.2, ,   588.0, ,   283.2, ,   290.0, ,
1957,   233.1, ,   152.2, ,   183.2, ,    92.0, ,    85.0, ,    33.3, ,    34.1, ,    50.4, ,    60.9, ,    74.4, ,   244.2, ,    94.9, ,  1337.7, ,   545.2, ,   360.2, ,   117.8, ,   379.5, ,
1958,   141.3, ,   170.9, ,   125.9, ,   147.4, ,   180.2, ,    82.8, ,   111.4, ,   137.7, ,   168.8, ,    49.9, ,   238.0, ,   190.2, ,  1744.6, ,   407.1, ,   453.5, ,   331.9, ,   456.8, ,
1959,   105.8, ,   157.5, ,   191.3, ,   134.0, ,    44.5, ,   118.8, ,    24.2, ,   146.8, ,    96.7, ,   125.0, ,   208.9, ,   138.3, ,  1491.5, ,   453.5, ,   369.7, ,   289.7, ,   430.5, ,
1960,   184.6, ,   150.1, ,   191.6, ,    33.6, ,    28.7, ,   167.9, ,    63.2, ,    72.3, ,   104.2, ,   116.9, ,    87.1, ,   207.5, ,  1407.7, ,   473.0, ,   253.8, ,   303.3, ,   308.3, ,
1961,   213.0, ,   109.3, ,   323.6, ,   137.2, ,   140.0, ,    81.0, ,    46.1, ,    22.6, ,    54.4, ,   141.9, ,   166.7, ,   192.5, ,  1628.3, ,   529.8, ,   600.8, ,   149.7, ,   363.0, ,
1962,   156.6, ,   248.9, ,   108.8, ,   101.3, ,    43.3, ,    69.0, ,   186.1, ,    92.3, ,   104.8, ,   191.0, ,   249.0, ,   311.7, ,  1862.8, ,   598.0, ,   253.4, ,   347.4, ,   544.8, ,
1963,   236.2, ,   159.4, ,   137.5, ,   116.2, ,    68.1, ,    81.9, ,    57.2, ,   159.9, ,   152.7, ,    40.9, ,   154.5, ,   227.6, ,  1592.1, ,   707.3, ,   321.8, ,   299.0, ,   348.1, ,
1964,   294.4, ,   250.3, ,   187.6, ,   110.1, ,    65.1, ,   103.8, ,   161.4, ,   110.5, ,   148.3, ,   134.9, ,   100.5, ,   371.0, ,  2038.1, ,   772.3, ,   362.8, ,   375.8, ,   383.8, ,
1965,   299.4, ,   265.6, ,   149.1, ,   161.6, ,   105.9, ,    60.1, ,   120.5, ,    81.4, ,    46.1, ,   123.4, ,   145.5, ,   129.8, ,  1688.4, ,   935.9, ,   416.6, ,   262.1, ,   315.0, ,
1966,   204.2, ,    78.4, ,   160.8, ,    31.8, ,    93.1, ,   113.7, ,    93.3, ,    80.0, ,    87.1, ,   194.1, ,    91.5, ,   174.2, ,  1402.2, ,   412.4, ,   285.8, ,   286.9, ,   372.7, ,
1967,   168.5, ,   212.6, ,   331.7, ,   115.8, ,   255.3, ,    28.3, ,    73.8, ,    83.2, ,    95.2, ,   155.3, ,   241.4, ,   168.6, ,  1930.0, ,   555.4, ,   702.9, ,   185.4, ,   492.0, ,
1968,   202.7, ,   129.2, ,   162.0, ,   116.0, ,   100.0, ,    72.6, ,    40.1, ,   179.6, ,    69.2, ,    99.7, ,   299.0, ,   195.2, ,  1665.5, ,   500.6, ,   378.0, ,   292.4, ,   468.0, ,
1969,   236.7, ,   121.0, ,   142.6, ,   175.0, ,    72.0, ,    77.4, ,   140.3, ,    58.6, ,   124.4, ,   109.5, ,   352.5, ,   261.5, ,  1871.6, ,   552.8, ,   389.6, ,   276.3, ,   586.4, ,
1970,    92.1, ,   139.8, ,   190.1, ,    72.2, ,    64.1, ,   107.7, ,   141.5, ,   231.2, ,   128.0, ,   129.8, ,   222.6, ,   247.4, ,  1766.4, ,   493.4, ,   326.4, ,   480.4, ,   480.4, ,
1971,   183.4, ,   129.9, ,   251.8, ,   208.0, ,    95.4, ,    49.3, ,    33.5, ,   144.3, ,    77.6, ,    72.1, ,   281.5, ,   248.7, ,  1775.5, ,   560.7, ,   555.2, ,   227.1, ,   431.2, ,
1972,   198.9, ,   216.8, ,   162.3, ,   188.8, ,   114.8, ,   134.7, ,    74.2, ,    77.8, ,    71.9, ,   272.9, ,   236.5, ,   256.6, ,  2006.3, ,   664.4, ,   465.8, ,   286.8, ,   581.4, ,
1973,   159.8, ,   307.4, ,   120.2, ,    82.3, ,   150.3, ,   190.4, ,   133.7, ,   114.1, ,    51.7, ,   139.8, ,    87.0, ,   164.9, ,  1701.5, ,   723.8, ,   352.7, ,   438.2, ,   278.5, ,
1974,   207.8, ,   235.5, ,   195.1, ,   138.0, ,   110.3, ,    34.4, ,    76.5, ,   109.6, ,   100.1, ,   188.8, ,   123.1, ,   189.9, ,  1709.3, ,   608.2, ,   443.5, ,   220.5, ,   412.1, ,
1975,   261.7, ,    85.1, ,   181.2, ,   170.1, ,    94.7, ,    80.9, ,    31.1, ,    63.6, ,    80.1, ,   202.5, ,   112.4, ,   316.3, ,  1679.8, ,   536.8, ,   446.0, ,   175.5, ,   395.0, ,
1976,   160.8, ,   180.7, ,   110.5, ,    87.1, ,   121.5, ,    52.8, ,   109.7, ,    53.8, ,   126.1, ,   183.7, ,   197.4, ,   316.4, ,  1700.5, ,   657.9, ,   319.1, ,   216.3, ,   507.1, ,
1977,   180.7, ,   155.7, ,   171.8, ,   123.6, ,    70.3, ,   183.1, ,    70.8, ,   103.8, ,   160.2, ,   135.6, ,   153.6, ,   262.9, ,  1772.2, ,   652.9, ,   365.7, ,   357.7, ,   449.4, ,
1978,   304.9, ,   142.6, ,   182.9, ,   173.4, ,    43.9, ,   139.1, ,    51.5, ,    44.5, ,   132.8, ,   127.9, ,    98.8, ,   159.6, ,  1602.1, ,   710.5, ,   400.2, ,   235.1, ,   359.5, ,
1979,   173.5, ,   142.4, ,   188.1, ,   116.3, ,   127.4, ,    46.0, ,   148.6, ,   123.8, ,    79.7, ,   228.6, ,   144.7, ,   250.5, ,  1769.7, ,   475.5, ,   431.9, ,   318.4, ,   453.0, ,
1980,   139.5, ,   113.1, ,   162.4, ,   167.2, ,   119.3, ,    82.0, ,    94.9, ,   101.6, ,   128.8, ,   155.1, ,   195.5, ,   251.5, ,  1711.1, ,   503.2, ,   448.9, ,   278.6, ,   479.3, ,
1981,   232.4, ,    79.1, ,   114.1, ,   136.0, ,   188.2, ,    78.3, ,   121.3, ,   161.2, ,   140.1, ,   201.7, ,   157.0, ,   273.5, ,  1882.9, ,   563.1, ,   438.3, ,   360.9, ,   498.7, ,
1982,   330.6, ,   229.7, ,   129.3, ,   213.6, ,   145.0, ,   158.8, ,    44.5, ,    78.1, ,   100.2, ,    72.9, ,   137.1, ,   167.9, ,  1807.6, ,   833.8, ,   487.8, ,   281.4, ,   310.2, ,
1983,   231.9, ,   298.3, ,   219.6, ,   195.5, ,   129.5, ,    62.3, ,   225.5, ,   148.0, ,   175.0, ,   109.2, ,   184.3, ,   290.6, ,  2269.6, ,   698.1, ,   544.6, ,   435.8, ,   468.4, ,
1984,   259.5, ,   112.5, ,   168.8, ,   229.8, ,   123.1, ,    78.6, ,    55.6, ,   191.4, ,   125.1, ,    76.0, ,   124.2, ,   156.4, ,  1701.0, ,   662.6, ,   521.6, ,   325.6, ,   325.3, ,
1985,   150.0, ,   161.8, ,   161.2, ,    83.4, ,   132.5, ,   189.3, ,    82.3, ,   100.5, ,    45.7, ,   107.4, ,   131.6, ,   241.7, ,  1587.2, ,   468.2, ,   377.0, ,   372.1, ,   284.6, ,
1986,   219.6, ,   253.3, ,   203.5, ,   165.2, ,    60.9, ,   106.8, ,   121.6, ,    81.0, ,   136.9, ,    92.1, ,   192.5, ,    93.5, ,  1727.0, ,   714.6, ,   429.6, ,   309.4, ,   421.5, ,
1987,   243.3, ,   137.4, ,   193.7, ,   175.7, ,    50.7, ,   153.4, ,    21.1, ,    59.1, ,   187.2, ,   200.7, ,   177.1, ,   295.3, ,  1894.6, ,   474.2, ,   420.1, ,   233.6, ,   564.9, ,
1988,   164.9, ,   218.7, ,   187.4, ,   298.2, ,   100.2, ,   106.2, ,   150.0, ,   125.8, ,    73.8, ,   205.3, ,   210.8, ,   114.3, ,  1955.6, ,   678.9, ,   585.8, ,   382.0, ,   489.9, ,
1989,   172.2, ,   212.2, ,   201.9, ,   127.6, ,    27.0, ,   104.6, ,    45.5, ,    64.9, ,   125.7, ,   140.2, ,   250.8, ,    92.8, ,  1565.4, ,   498.6, ,   356.6, ,   215.0, ,   516.7, ,
1990,   210.9, ,   156.7, ,    75.1, ,   179.9, ,   218.8, ,    97.0, ,    51.5, ,    65.6, ,   159.7, ,   185.2, ,   148.2, ,   333.6, ,  1882.1, ,   460.4, ,   473.8, ,   214.1, ,   493.1, ,
1991,   151.0, ,   100.6, ,   204.1, ,    61.9, ,    55.1, ,    36.9, ,    97.6, ,   117.5, ,   174.2, ,   193.5, ,   197.2, ,   186.6, ,  1576.0, ,   585.1, ,   321.1, ,   251.9, ,   564.9, ,
1992,   138.5, ,   332.1, ,   233.1, ,   140.5, ,    64.8, ,   124.2, ,    89.5, ,    99.5, ,    97.5, ,   192.4, ,    96.2, ,   184.7, ,  1793.0, ,   657.2, ,   438.3, ,   313.2, ,   386.2, ,
1993,   159.8, ,   239.6, ,   264.2, ,   168.9, ,   105.0, ,    87.9, ,   108.6, ,    51.8, ,   105.6, ,   219.3, ,    96.1, ,   314.2, ,  1921.1, ,   584.2, ,   538.2, ,   248.3, ,   420.9, ,
1994,   203.7, ,   141.1, ,   233.7, ,    97.9, ,   208.5, ,    72.3, ,    26.8, ,   116.1, ,   125.7, ,    94.3, ,   140.3, ,   137.6, ,  1597.9, ,   659.0, ,   540.1, ,   215.2, ,   360.3, ,
1995,   180.3, ,   163.6, ,    79.5, ,    55.0, ,   104.2, ,   134.9, ,    93.5, ,    67.3, ,    80.4, ,   100.6, ,   175.7, ,   161.5, ,  1396.5, ,   481.5, ,   238.7, ,   295.7, ,   356.7, ,
1996,   155.2, ,   225.4, ,   176.2, ,   128.9, ,   103.3, ,    37.1, ,   164.3, ,   110.9, ,   343.4, ,    94.2, ,   193.4, ,   236.7, ,  1969.0, ,   542.1, ,   408.5, ,   312.3, ,   631.0, ,
1997,   225.2, ,   118.9, ,   123.5, ,   158.5, ,   110.4, ,    64.9, ,    42.9, ,   144.6, ,    83.1, ,    64.0, ,   219.1, ,   151.5, ,  1506.5, ,   580.7, ,   392.3, ,   252.4, ,   366.2, ,
1998,   222.6, ,   163.7, ,   228.7, ,   212.8, ,   185.5, ,   133.6, ,   226.4, ,    74.1, ,   169.6, ,   114.6, ,   132.0, ,   132.7, ,  1996.1, ,   537.7, ,   626.9, ,   434.1, ,   416.2, ,
1999,   205.7, ,   231.7, ,   277.8, ,   194.8, ,    54.2, ,    54.6, ,   123.3, ,   105.1, ,    50.8, ,   170.2, ,    83.4, ,   219.2, ,  1770.8, ,   570.1, ,   526.9, ,   283.0, ,   304.4, ,
2000,   241.7, ,    94.6, ,   118.7, ,    85.4, ,    95.1, ,    64.1, ,    65.9, ,    44.5, ,    61.4, ,   287.3, ,   364.1, ,   204.0, ,  1726.7, ,   555.5, ,   299.2, ,   174.4, ,   712.8, ,
2001,   192.0, ,   194.8, ,   106.8, ,   233.1, ,    67.4, ,    83.0, ,    56.0, ,    33.2, ,   102.5, ,    84.8, ,   119.1, ,   127.4, ,  1400.0, ,   590.8, ,   407.2, ,   172.2, ,   306.4, ,
2002,   256.4, ,   251.9, ,   157.1, ,   124.6, ,    88.2, ,    97.5, ,    71.3, ,   100.3, ,   147.4, ,   174.1, ,   262.9, ,   168.0, ,  1899.6, ,   635.7, ,   369.8, ,   269.1, ,   584.4, ,
2003,   297.2, ,   192.7, ,   154.2, ,   225.5, ,   141.1, ,   136.5, ,    81.7, ,   118.3, ,   127.8, ,   159.2, , -9999.9,M, -9999.9,M, -9999.9,M,   658.0, ,   520.9, ,   336.5, , -9999.9,M,
2004, -9999.9,M, -9999.9,M, -9999.9,M,   127.3, ,    47.1, ,    57.9, ,    58.1, ,    68.4, ,   126.3, ,    95.0, ,   188.0, ,   259.5, , -9999.9,M, -9999.9,M, -9999.9,M,   184.3, ,   409.3, ,
2005,   225.8, ,   113.6, ,   247.3, ,   110.4, ,   135.5, ,    30.8, ,    42.8, ,    82.1, ,    83.6, ,   265.7, ,   149.5, ,   195.3, ,  1682.5, ,   599.0, ,   493.2, ,   155.8, ,   498.8, ,
2006,   174.1, ,   134.2, ,    44.1, ,   201.4, ,   129.1, ,   153.5, ,    91.9, ,    48.5, ,    50.4, ,   202.3, ,   102.4, ,   172.8, ,  1504.6, ,   503.6, ,   374.5, ,   293.9, ,   355.1, ,
2007,   178.3, ,    35.1, ,    83.8, ,    90.6, ,    58.6, ,    55.0, ,   151.2, ,   142.8, ,   190.7, ,    66.3, ,   188.4, ,   214.6, ,  1455.3, ,   386.2, ,   232.9, ,   349.0, ,   445.5, ,
2008,   190.1, ,   207.0, ,   155.3, ,    74.0, ,   189.8, ,    93.3, ,    68.5, ,   260.6, ,    63.8, ,   144.6, ,   202.1, ,   256.2, ,  1905.3, ,   611.6, ,   419.2, ,   422.3, ,   410.5, ,
2009,   197.9, ,   124.1, ,   124.7, ,   143.8, ,    75.4, ,   213.1, ,    75.2, ,   183.1, ,   134.6, ,   216.1, ,   173.5, ,   228.6, ,  1890.1, ,   578.1, ,   343.9, ,   471.4, ,   524.2, ,
2010,   146.9, ,   106.3, ,   142.9, ,   125.3, ,    59.1, , -9999.9,M, -9999.9,M, -9999.9,M, -9999.9,M, -9999.9,M, -9999.9,M, -9999.9,M, -9999.9,M,   481.8, ,   327.2, , -9999.9,M, -9999.9,M,
