8201410,DEMING                   ,NS  ,station joined    , Monthly total of daily adjusted precipitation, mm, Updated to December 2010
8201410,DEMING                   ,NS  ,station jointe    , Total mensuel des chutes de précipitations quotidiennes ajustées, mm, Mise à jour jusqu à décembre 2010
Year,     Jan, ,     Feb, ,     Mar, ,     Apr, ,     May, ,     Jun, ,     Jul, ,     Aug, ,     Sep, ,     Oct, ,     Nov, ,     Dec, ,  Annual, ,  Winter, ,  Spring, ,  Summer, ,  Autumn
An  ,    Janv, ,     Fév, ,    Mars, ,     Avr, ,     Mai, ,    Juin, ,    Juil, ,    Août, ,    Sept, ,     Oct, ,     Nov, ,     Déc, ,  Annuel, ,   Hiver, ,Printemp, ,     Eté, , Automne
1884,    82.2, ,    60.5, , -9999.9,M,    98.3, ,    91.8, ,   130.3, ,    94.9, ,    37.0, ,    50.1, ,    94.2, ,   133.0, ,   104.5, , -9999.9,M, -9999.9,M, -9999.9,M,   262.1, ,   277.3, ,
1885,   167.4, ,   125.5, , -9999.9,M,    88.1, ,    51.7, ,    79.2, ,   149.4, ,    95.0, ,    73.5, ,   132.2, ,   120.7, ,   176.3, , -9999.9,M,   397.3, , -9999.9,M,   323.7, ,   326.5, ,
1886, -9999.9,M, -9999.9,M, -9999.9,M, -9999.9,M, -9999.9,M,    59.4, ,    52.1, ,   117.5, ,    62.7, , -9999.9,M,   101.5, ,    53.4, , -9999.9,M, -9999.9,M, -9999.9,M,   228.9, , -9999.9,M,
1887, -9999.9,M, -9999.9,M, -9999.9,M, -9999.9,M, -9999.9,M, -9999.9,M,    49.3, ,   356.6, ,    88.3, ,    79.9, ,    99.4, ,    90.5, , -9999.9,M, -9999.9,M, -9999.9,M, -9999.9,M,   267.6, ,
1888,    63.3, , -9999.9,M, -9999.9,M,   119.6, ,    70.1, ,    93.7, ,   144.8, ,   163.3, ,   103.6, ,   142.9, ,   170.8, ,   141.3, , -9999.9,M, -9999.9,M, -9999.9,M,   401.9, ,   417.2, ,
1889, -9999.9,M,   138.8, , -9999.9,M,   230.5, ,    62.9, ,    74.6, ,    29.3, ,    70.0, ,    46.1, ,   168.9, ,   137.3, ,    80.4, , -9999.9,M, -9999.9,M, -9999.9,M,   173.9, ,   352.3, ,
1890,    89.1, ,    89.9, ,   260.0, ,    94.7, ,   116.5, ,   124.1, ,    45.1, ,   177.0, ,    74.9, ,   187.4, ,   123.2, ,   145.9, ,  1528.0, ,   259.5, ,   471.2, ,   346.3, ,   385.6, ,
1891,   216.0, ,   206.8, ,    42.2, ,   133.7, ,    90.0, ,   121.5, ,   219.8, ,    72.8, ,    23.2, ,   270.1, ,    59.6, , -9999.9,M, -9999.9,M,   568.8, ,   265.8, ,   414.1, ,   353.0, ,
1892,   179.9, ,   111.2, ,   159.1, ,    71.5, ,   113.8, ,    53.2, ,    42.2, ,   368.9, ,    37.8, ,   100.0, ,   127.2, ,    63.2, ,  1427.9, , -9999.9,M,   344.4, ,   464.3, ,   265.0, ,
1893,   194.0, ,   245.9, ,    98.8, ,   108.2, ,    58.7, ,    43.0, ,   146.2, ,   143.1, ,   200.1, ,   169.0, ,   117.8, ,   243.1, ,  1767.9, ,   503.1, ,   265.7, ,   332.2, ,   486.9, ,
1894,   183.5, , -9999.9,M,   201.5, ,   175.3, ,    65.3, ,    95.3, ,    74.0, ,    54.5, ,    77.2, ,   111.3, ,   120.8, ,    97.6, , -9999.9,M, -9999.9,M,   442.1, ,   223.8, ,   309.3, ,
1895,   170.0, ,   187.8, ,   161.8, ,    83.1, ,   144.1, ,    10.4, ,    71.7, ,   151.2, ,    36.4, ,   146.8, ,   172.2, ,   131.9, ,  1467.4, ,   455.4, ,   389.0, ,   233.3, ,   355.3, ,
1896,    94.3, ,    77.4, ,   101.5, ,   105.2, ,    77.8, ,   123.9, ,   169.5, ,   156.2, ,   173.4, ,   198.5, ,    86.5, ,    72.8, ,  1437.0, ,   303.6, ,   284.5, ,   449.6, ,   458.4, ,
1897,   129.3, ,   103.4, ,   113.5, , -9999.9,M,   235.3, ,   121.0, ,    85.1, ,    93.5, ,    53.4, ,   127.4, ,   183.9, ,    84.8, , -9999.9,M,   305.5, , -9999.9,M,   299.6, ,   364.7, ,
1898,   126.6, ,    73.4, ,   121.0, ,   167.0, ,    80.3, ,    97.4, ,   103.0, ,   135.6, ,    89.2, ,   137.4, ,   182.6, ,   113.8, ,  1427.3, ,   284.9, ,   368.3, ,   336.0, ,   409.2, ,
1899,   143.8, ,    83.9, ,    83.6, ,    22.1, ,    91.4, ,   137.2, ,   123.8, ,    27.4, ,    81.1, ,   122.6, ,   131.5, ,   160.6, ,  1209.1, ,   341.5, ,   197.1, ,   288.5, ,   335.3, ,
1900, -9999.9,M,    91.4, ,   231.9, ,   192.0, ,    46.3, ,    93.8, ,    50.9, ,   171.5, ,    77.8, ,   109.3, ,   224.0, ,    41.2, , -9999.9,M, -9999.9,M,   470.1, ,   316.2, ,   411.1, ,
1901,   168.4, ,    49.6, ,    94.6, ,    82.7, ,   156.7, ,    74.6, ,    52.2, ,   105.6, ,   200.1, ,    83.7, ,    89.8, ,   207.8, ,  1365.8, ,   259.3, ,   334.0, ,   232.4, ,   373.6, ,
1902,    73.0, ,    65.7, ,   120.1, ,    61.6, ,   108.3, ,   112.0, ,    93.0, ,   194.4, ,   102.1, ,   140.9, ,   113.3, ,   193.8, ,  1378.3, ,   346.5, ,   290.0, ,   399.4, ,   356.3, ,
1903,   156.7, ,   105.9, ,   159.5, ,   106.7, ,    63.7, ,    31.8, ,   106.3, ,    55.8, ,   107.4, ,   155.6, ,   183.8, ,    77.9, ,  1311.0, ,   456.3, ,   329.9, ,   193.8, ,   446.8, ,
1904,    81.8, ,    77.8, ,    58.2, ,   112.1, ,    57.7, ,    36.4, ,    95.5, ,   164.2, ,    63.9, ,    39.9, ,   147.2, ,   127.1, ,  1061.6, ,   237.5, ,   228.1, ,   296.0, ,   250.9, ,
1905,   144.6, ,    65.7, ,    38.2, ,    46.4, ,    63.7, ,    83.1, ,    38.0, ,   151.1, ,    54.1, ,    34.1, ,   104.4, , -9999.9,M, -9999.9,M,   337.3, ,   148.2, ,   272.3, ,   192.6, ,
1906,    78.2, , -9999.9,M,    78.1, ,   117.4, ,   215.3, ,   139.2, ,   156.2, ,    39.1, ,    64.3, ,   112.9, ,   140.9, ,   271.1, , -9999.9,M, -9999.9,M,   410.8, ,   334.5, ,   318.0, ,
1907,   136.2, ,    90.5, ,   138.9, ,    58.9, ,    73.3, ,    50.4, ,   107.7, ,    53.5, ,    75.3, ,   123.1, , -9999.9,M,   128.3, , -9999.9,M,   497.9, ,   271.1, ,   211.6, , -9999.9,M,
1908,   132.8, , -9999.9,M, -9999.9,M,   108.0, ,   119.6, ,    71.0, ,   117.1, ,   107.9, ,    67.4, ,    71.2, ,    82.6, , -9999.9,M, -9999.9,M, -9999.9,M, -9999.9,M,   296.0, ,   221.2, ,
1909,    87.0, ,   131.8, ,    64.7, ,    70.1, ,   107.5, ,    40.7, ,   148.7, ,   113.0, ,    75.8, ,   120.3, ,   160.7, ,   126.7, ,  1247.0, , -9999.9,M,   242.2, ,   302.5, ,   356.8, ,
1910,   223.0, ,   158.1, ,   112.9, ,    45.8, ,    79.5, ,    80.9, ,   135.3, ,    66.4, ,   131.4, ,   198.7, ,   169.1, ,    80.3, ,  1481.3, ,   507.7, ,   238.1, ,   282.6, ,   499.2, ,
1911, -9999.9,M,    53.7, ,    75.6, ,   104.0, ,    20.2, ,    37.6, ,    71.2, ,    77.0, ,   213.3, ,    83.7, ,   230.0, ,    72.5, , -9999.9,M, -9999.9,M,   199.8, ,   185.8, ,   527.0, ,
1912,   160.5, ,   100.3, ,   167.0, ,   106.4, ,    91.3, ,    71.8, ,    62.4, ,   154.1, ,    41.9, ,   184.2, ,   118.7, ,   148.0, ,  1406.7, ,   333.3, ,   364.6, ,   288.4, ,   344.8, ,
1913,    79.9, ,   204.9, ,   114.3, ,    66.9, ,    90.7, ,    12.9, ,    74.3, ,    79.9, ,    67.0, ,    82.2, , -9999.9,M,    85.1, , -9999.9,M,   432.8, ,   271.8, ,   167.2, , -9999.9,M,
1914, -9999.9,M, -9999.9,M,    14.0, ,    54.8, ,    66.0, ,    11.2, ,    15.6, ,    71.6, ,    20.2, ,   147.8, ,    48.7, ,    34.1, , -9999.9,M, -9999.9,M,   134.9, ,    98.4, ,   216.7, ,
1915, -9999.9,M,    53.4, ,    20.2, ,   145.3, ,   157.8, ,    33.2, ,    56.6, ,    88.8, ,     6.7, ,    44.5, ,    30.5, ,    51.4, , -9999.9,M, -9999.9,M,   323.3, ,   178.6, ,    81.6, ,
1916,    32.0, , -9999.9,M,   209.2, ,    19.6, ,    65.1, ,    49.5, ,    89.7, ,    28.0, ,    49.5, ,   151.6, ,    46.2, ,    26.7, , -9999.9,M, -9999.9,M,   293.8, ,   167.2, ,   247.2, ,
1917,    97.7, ,   214.0, ,    93.3, , -9999.9,M,   123.8, , -9999.9,M,    48.4, ,    68.0, ,    80.8, ,    93.2, ,   106.2, ,   267.1, , -9999.9,M,   338.4, , -9999.9,M, -9999.9,M,   280.2, ,
1918,   141.2, ,   264.2, ,   136.9, ,    34.1, ,    61.5, ,    71.6, ,   101.6, ,    83.5, ,   152.5, ,   148.7, , -9999.9,M,   113.2, , -9999.9,M,   672.6, ,   232.6, ,   256.7, , -9999.9,M,
1919, -9999.9,M,    47.7, , -9999.9,M,   123.8, ,   141.7, ,   121.5, ,    26.4, ,   100.7, ,    31.8, ,   134.6, ,   430.1, ,   159.2, , -9999.9,M, -9999.9,M, -9999.9,M,   248.6, ,   596.4, ,
1920,    88.9, ,   144.6, ,    45.0, , -9999.9,M,    92.4, ,    98.8, ,    68.2, ,   127.1, ,    39.0, , -9999.9,M, -9999.9,M, -9999.9,M, -9999.9,M,   392.7, , -9999.9,M,   294.1, , -9999.9,M,
1921,    69.0, ,    81.0, ,    68.7, ,    88.4, ,    91.8, ,     9.4, ,    22.0, , -9999.9,M,    65.8, , -9999.9,M,   581.6, ,   223.3, , -9999.9,M, -9999.9,M,   248.9, , -9999.9,M, -9999.9,M,
1922,    68.6, , -9999.9,M,   125.5, ,    95.6, ,     9.7, ,    79.7, ,   161.4, ,   200.8, ,    43.8, ,   210.9, ,    60.0, , -9999.9,M, -9999.9,M, -9999.9,M,   230.8, ,   441.9, ,   314.8, ,
1923,   223.6, ,    48.3, , -9999.9,M,    35.2, ,   137.7, ,    72.4, ,   141.9, ,   244.6, ,    67.9, ,    59.5, ,    89.7, ,   110.8, , -9999.9,M, -9999.9,M, -9999.9,M,   458.9, ,   217.1, ,
1924,   137.2, ,    41.3, ,    77.4, ,    78.8, ,    46.5, ,     5.1, ,    41.3, ,   267.6, ,    99.1, ,   113.6, ,     6.4, ,    68.1, ,   982.4, ,   289.3, ,   202.6, ,   314.0, ,   219.1, ,
1925, -9999.9,M,    95.0, ,    60.8, ,    54.0, ,    54.1, ,   142.2, ,    19.0, ,    30.6, ,    31.6, ,   124.1, ,    36.6, , -9999.9,M, -9999.9,M, -9999.9,M,   168.9, ,   191.7, ,   192.3, ,
1926, -9999.9,M, -9999.9,M, -9999.9,M, -9999.9,M, -9999.9,M, -9999.9,M,   160.2, ,   126.7, ,    41.6, ,   150.6, ,   177.3, ,   195.7, , -9999.9,M, -9999.9,M, -9999.9,M, -9999.9,M,   369.5, ,
1927,   178.6, ,   121.5, ,    61.2, ,    61.2, ,   112.7, ,   139.6, ,   137.9, ,   143.9, ,   149.4, ,   226.3, ,   221.5, ,   171.0, ,  1724.8, ,   495.8, ,   235.1, ,   421.4, ,   597.2, ,
1928,   136.0, ,    88.6, ,   112.5, ,   157.3, ,   172.1, ,    99.3, ,   143.3, ,    77.0, ,   105.8, ,   176.0, ,   165.1, ,   172.7, ,  1605.8, ,   395.7, ,   441.9, ,   319.6, ,   446.9, ,
1929, -9999.9,M,    98.0, ,    47.3, ,   183.5, ,   272.1, ,    35.9, ,   143.1, ,   102.7, ,   115.2, ,   115.4, ,   169.1, ,   118.8, , -9999.9,M, -9999.9,M,   502.9, ,   281.8, ,   399.6, ,
1930,    91.5, ,    73.5, ,   134.3, ,    62.3, ,   111.0, ,    38.8, ,    86.3, ,   125.0, ,    46.8, ,   180.2, ,   140.4, ,   131.2, ,  1221.4, ,   283.8, ,   307.6, ,   250.1, ,   367.5, ,
1931, -9999.9,M,    92.7, ,    21.2, ,    75.1, ,   102.7, ,   100.4, ,    28.1, ,    68.0, ,   149.1, ,    42.5, ,    19.4, ,   178.8, , -9999.9,M, -9999.9,M,   199.0, ,   196.5, ,   211.0, ,
1932,   136.6, , -9999.9,M, -9999.9,M,   110.9, ,    42.8, ,   123.2, ,    79.0, ,    84.4, ,   219.7, ,    48.7, ,    88.6, , -9999.9,M, -9999.9,M, -9999.9,M, -9999.9,M,   286.6, ,   357.0, ,
1933,   176.5, ,   150.7, ,    63.5, ,    47.3, ,    26.1, ,    75.0, ,    66.4, ,   110.0, ,   147.7, ,   270.2, ,   115.6, ,    61.5, ,  1310.4, , -9999.9,M,   136.9, ,   251.4, ,   533.5, ,
1934,    61.7, ,   128.6, ,   109.4, ,   109.5, ,    92.4, ,    77.3, ,    73.5, ,    19.5, ,    34.5, ,   161.1, ,   125.8, ,   164.2, ,  1157.5, ,   251.8, ,   311.3, ,   170.3, ,   321.5, ,
1935,   196.3, ,   117.8, ,    39.4, ,    36.6, ,    54.8, ,    33.8, ,    67.2, ,   143.5, ,    72.8, ,    54.0, ,   185.3, ,   103.4, ,  1104.9, ,   478.4, ,   130.8, ,   244.5, ,   312.1, ,
1936,   169.0, ,    57.7, ,    89.3, ,    83.9, ,    95.6, ,   112.5, ,    52.9, ,   259.6, ,   173.8, ,    67.1, ,    98.4, ,   173.5, ,  1433.4, ,   330.1, ,   268.9, ,   425.0, ,   339.3, ,
1937,    97.2, ,    77.6, ,   103.1, ,    87.4, ,    87.4, ,   121.2, ,    23.5, ,   126.0, ,   197.9, ,   114.4, ,   171.2, ,   150.7, ,  1357.4, ,   348.3, ,   277.8, ,   270.7, ,   483.5, ,
1938,   104.8, ,    81.5, ,    46.7, ,   142.9, ,    50.8, ,   128.7, ,   110.2, ,    71.6, ,   174.9, ,    61.8, ,   193.9, ,   137.4, ,  1305.2, ,   336.9, ,   240.5, ,   310.5, ,   430.6, ,
1939,    51.1, ,   125.6, ,   127.8, ,   112.8, ,   120.9, ,     7.3, ,    37.1, ,    36.4, ,    85.1, ,   165.6, ,    33.5, ,    98.2, ,  1001.3, ,   314.1, ,   361.5, ,    80.8, ,   284.2, ,
1940,    66.6, ,    81.8, ,   223.1, ,   129.7, ,   157.6, ,   148.0, ,    89.8, ,    67.5, ,   173.9, ,    89.7, ,    82.8, ,   165.1, ,  1475.6, ,   246.6, ,   510.5, ,   305.3, ,   346.3, ,
1941,    71.3, ,    72.4, ,   106.9, ,   158.2, ,    97.7, ,    36.0, ,   139.1, ,   116.1, ,    57.4, ,   239.8, ,   145.6, ,    75.3, ,  1315.8, ,   308.9, ,   362.7, ,   291.3, ,   442.8, ,
1942,   101.4, ,    37.6, ,   142.6, ,    62.2, ,    67.0, ,    81.3, ,    65.0, ,    44.9, ,    48.4, ,   162.2, ,   229.5, ,    81.4, ,  1123.4, ,   214.4, ,   271.7, ,   191.2, ,   440.1, ,
1943,    75.0, ,   151.0, ,   151.0, ,    64.6, ,   232.9, ,   153.3, ,   118.1, ,   203.9, ,    95.4, ,   154.8, ,   237.3, ,    79.2, ,  1716.5, ,   307.4, ,   448.5, ,   475.3, ,   487.4, ,
1944,    83.1, ,   137.2, ,   184.3, ,   125.4, ,    44.0, ,   101.7, ,    66.8, ,    34.7, ,   192.0, ,   209.2, ,   147.0, ,   154.3, ,  1479.7, ,   299.6, ,   353.6, ,   203.2, ,   548.2, ,
1945,   174.4, ,   110.9, ,    83.2, ,    86.8, ,   133.2, ,   148.9, ,    21.0, ,   106.9, ,    68.4, ,   199.5, ,   253.2, ,   157.6, ,  1543.9, ,   439.6, ,   303.2, ,   276.8, ,   521.1, ,
1946,    87.0, ,   147.8, ,    49.5, ,   102.1, ,   150.0, ,    35.7, ,    96.7, ,   206.2, ,    58.8, ,    50.7, ,    56.5, ,   142.4, ,  1183.4, ,   392.3, ,   301.6, ,   338.6, ,   166.0, ,
1947,   184.5, ,    76.5, ,    50.4, ,    49.0, ,   194.3, ,   132.9, ,    48.9, ,    92.2, ,   307.7, ,     3.7, ,   114.0, ,   106.6, ,  1360.7, ,   403.5, ,   293.6, ,   274.0, ,   425.4, ,
1948,   198.1, ,   208.3, ,   132.1, ,   120.2, ,   179.2, ,    92.4, ,   144.7, ,    92.2, ,    94.0, ,   102.7, ,   134.7, ,   102.6, ,  1601.2, ,   513.0, ,   431.5, ,   329.3, ,   331.5, ,
1949,   122.3, ,   132.9, ,   166.8, ,   120.3, ,    43.7, ,   117.3, ,    18.6, ,    86.3, ,   303.9, ,    71.8, ,   186.5, ,    57.1, ,  1427.7, ,   357.7, ,   330.9, ,   222.2, ,   562.3, ,
1950,   122.8, ,    94.6, ,   114.8, ,   193.3, ,    63.5, ,    50.5, ,    41.6, ,    49.7, ,    72.5, ,    55.0, ,    72.0, ,    56.5, ,   986.8, ,   274.5, ,   371.6, ,   141.8, ,   199.5, ,
1951,    89.1, ,    92.0, ,    61.1, ,   106.7, ,   111.3, ,    43.0, ,    88.8, ,   155.4, ,    68.3, ,   109.4, ,   195.8, ,   165.0, ,  1285.9, ,   237.7, ,   279.1, ,   287.2, ,   373.5, ,
1952,   231.9, ,   155.6, , -9999.9,M,    48.0, ,   131.8, ,    53.7, , -9999.9,M,   161.7, ,    36.3, ,    79.0, ,   106.1, ,   135.1, , -9999.9,M,   552.5, , -9999.9,M, -9999.9,M,   221.4, ,
1953,   132.1, ,   166.3, ,   135.3, , -9999.9,M,    87.8, ,    92.1, , -9999.9,M,    94.9, ,    65.9, ,   139.0, ,    71.0, ,   225.6, , -9999.9,M,   433.4, , -9999.9,M, -9999.9,M,   275.9, ,
1954,   180.2, ,   166.3, , -9999.9,M, -9999.9,M, -9999.9,M,    42.7, ,   121.5, , -9999.9,M, -9999.9,M,   215.0, ,   116.3, ,   123.5, , -9999.9,M,   572.1, , -9999.9,M, -9999.9,M, -9999.9,M,
1955,    92.8, ,    95.5, ,   153.9, ,   113.0, ,   101.4, ,   106.5, ,   133.9, ,   127.9, ,   147.1, ,   122.6, ,   124.2, ,    62.6, ,  1381.3, ,   311.8, ,   368.3, ,   368.2, ,   393.9, ,
1956,   203.5, ,   171.1, ,   194.0, ,   158.8, ,   234.0, ,   125.3, ,   213.3, ,    80.8, ,    26.5, ,    59.0, ,   217.4, ,   113.3, ,  1796.8, ,   437.1, ,   586.8, ,   419.3, ,   302.9, ,
1957,   125.7, ,    61.4, ,   120.2, ,   100.3, ,    58.4, ,    35.6, ,    43.1, ,   124.5, ,    89.1, ,    79.4, ,   237.6, ,   129.9, ,  1205.2, ,   300.4, ,   279.0, ,   203.1, ,   406.1, ,
1958,   169.2, ,   137.3, ,   127.0, ,   189.8, ,   126.9, ,    90.1, ,    94.8, ,   182.7, ,   168.5, ,    57.5, ,   234.0, ,   170.1, ,  1747.9, ,   436.3, ,   443.7, ,   367.7, ,   460.1, ,
1959,   166.4, ,    99.4, ,   163.6, ,   134.5, ,    78.6, ,   177.1, ,    65.9, ,   140.7, ,    91.3, ,   112.5, ,   266.0, ,   119.6, ,  1615.5, ,   435.8, ,   376.7, ,   383.6, ,   469.8, ,
1960,   119.1, ,   158.3, ,   206.2, ,    59.1, ,    52.7, ,   120.1, ,    49.1, ,    40.9, ,   121.1, ,   106.0, ,    89.7, ,   148.5, ,  1270.8, ,   397.0, ,   318.0, ,   210.1, ,   316.8, ,
1961,   143.5, ,    97.4, ,   151.4, ,   155.1, ,   197.6, ,    61.6, ,    93.1, ,    77.4, ,    79.0, ,   177.0, ,   130.3, ,   182.2, ,  1545.6, ,   389.5, ,   504.1, ,   232.1, ,   386.2, ,
1962,   151.2, ,   197.0, ,    66.4, ,    97.6, ,    43.6, ,    78.2, ,   187.4, ,   132.7, ,   161.0, ,   188.8, ,   237.3, ,   241.1, ,  1782.4, ,   530.5, ,   207.6, ,   398.2, ,   587.1, ,
1963,   209.1, ,   175.9, ,   104.5, ,   108.5, ,    93.0, ,    83.5, ,   105.9, ,   179.1, ,   173.0, ,    34.7, ,   239.4, ,   152.4, ,  1659.0, ,   626.1, ,   306.1, ,   368.6, ,   447.0, ,
1964,   202.8, ,   145.3, ,   122.4, ,    92.3, ,    87.1, ,    82.7, ,   245.2, ,   175.0, ,   129.5, ,   144.4, ,    62.6, ,   304.1, ,  1793.3, ,   500.5, ,   301.8, ,   502.9, ,   336.5, ,
1965,   141.1, ,   130.1, ,    57.5, ,    91.9, ,    68.0, ,   111.8, ,   103.4, ,   189.6, ,    27.4, ,   105.5, ,   163.6, ,    86.8, ,  1276.8, ,   575.2, ,   217.5, ,   404.9, ,   296.6, ,
1966,   103.4, ,    45.4, ,    89.5, ,    20.8, ,   114.4, ,   143.5, ,   127.2, ,    56.0, ,    91.8, ,   168.7, ,    99.0, ,   180.7, ,  1240.4, ,   235.6, ,   224.7, ,   326.6, ,   359.5, ,
1967,   140.2, ,   103.0, ,   170.5, ,    86.4, ,   255.5, ,    93.3, ,    73.1, ,   128.0, ,   148.5, ,   174.9, ,   148.9, ,   157.9, ,  1680.1, ,   423.9, ,   512.3, ,   294.4, ,   472.2, ,
1968,   124.5, ,    76.9, ,   103.3, ,   121.9, ,   100.9, ,   139.8, ,    60.4, ,   250.8, ,    39.4, ,    67.1, ,   282.6, ,   172.5, ,  1540.2, ,   359.4, ,   326.1, ,   451.0, ,   389.2, ,
1969,   144.4, ,    59.0, ,    66.1, ,   194.3, ,    77.6, ,   103.2, ,    98.1, ,    91.5, ,   104.9, ,   109.3, ,   337.2, ,   129.6, ,  1515.1, ,   375.9, ,   337.9, ,   292.8, ,   551.4, ,
1970,    49.4, ,    56.1, ,    81.5, ,    50.5, ,   102.5, ,   168.7, ,   125.1, ,   170.9, ,   108.2, ,   126.2, ,   142.3, ,   119.5, ,  1300.8, ,   235.2, ,   234.5, ,   464.7, ,   376.6, ,
1971,    99.1, ,   121.7, ,   160.5, ,   140.7, ,    73.9, ,    88.1, ,   118.2, ,   106.5, ,   101.1, ,    71.2, ,   205.4, ,   141.8, ,  1428.2, ,   340.3, ,   375.1, ,   312.8, ,   377.7, ,
1972,   157.5, ,   106.5, ,   106.4, ,   150.5, ,   166.4, ,    78.4, ,    57.9, ,    46.7, ,    99.0, ,   183.5, ,   210.0, ,   175.1, ,  1537.7, ,   405.7, ,   423.2, ,   182.9, ,   492.5, ,
1973,    82.7, ,   184.2, ,   145.0, ,    78.2, ,   124.0, ,   134.0, ,   222.1, ,   106.7, ,    37.6, ,   121.5, ,    76.0, ,   121.9, ,  1434.0, ,   441.9, ,   347.2, ,   462.8, ,   235.2, ,
1974,   113.0, ,   124.0, ,   135.8, ,   124.3, ,   109.2, ,   144.7, ,   191.2, ,   133.9, ,   121.5, ,   178.9, ,   152.9, ,   166.0, ,  1695.1, ,   358.8, ,   369.2, ,   469.7, ,   453.3, ,
1975,   167.0, ,    60.9, ,   144.6, ,   120.5, ,   111.7, ,    95.5, ,    51.4, ,    28.3, ,    78.5, ,   199.4, ,   114.1, ,   216.3, ,  1388.3, ,   393.8, ,   376.8, ,   175.3, ,   392.0, ,
1976,   136.0, ,   109.6, ,    86.1, ,    99.1, ,   149.1, ,    57.1, ,   130.0, ,    34.4, ,   123.7, ,   189.2, ,   198.6, ,   166.0, ,  1478.8, ,   461.9, ,   334.3, ,   221.5, ,   511.4, ,
1977,   114.0, ,    93.4, ,   124.1, ,   110.5, ,    58.8, ,   207.4, ,   110.5, ,    35.8, ,   180.9, ,   144.4, ,   132.9, ,   178.4, ,  1491.0, ,   373.3, ,   293.3, ,   353.7, ,   458.2, ,
1978,   201.0, ,    46.6, , -9999.9,M,   114.0, ,    71.9, ,   129.4, ,    36.4, ,    16.9, ,   134.6, ,    70.2, ,    76.1, , -9999.9,M, -9999.9,M,   426.1, , -9999.9,M,   182.8, ,   280.9, ,
1979,   144.6, ,    71.4, ,   173.2, ,    60.0, ,   111.3, ,    51.6, ,   237.4, ,   226.5, ,   118.7, ,   196.7, ,   137.7, ,   214.7, ,  1743.8, , -9999.9,M,   344.5, ,   515.5, ,   453.1, ,
1980,   132.2, ,    71.4, ,   128.6, ,   155.8, ,   112.7, ,    74.6, ,   119.6, ,    45.6, ,   109.5, ,   140.4, ,   200.0, ,   232.1, ,  1522.5, ,   418.3, ,   397.0, ,   239.8, ,   449.9, ,
1981,   120.1, ,    80.2, ,    70.3, ,   102.9, ,   160.6, ,    66.1, ,   155.3, ,    66.0, ,   129.1, ,   150.7, ,   154.4, ,   252.1, ,  1507.8, ,   432.3, ,   333.8, ,   287.4, ,   434.2, ,
1982,   167.8, ,   101.0, ,   128.9, ,   240.9, ,   113.6, ,   140.3, ,    46.1, ,   142.5, ,    99.4, ,    54.5, ,   140.0, ,   186.9, ,  1561.8, ,   520.9, ,   483.4, ,   328.9, ,   293.9, ,
1983,   144.9, ,   165.5, ,   173.8, ,   134.3, ,   181.0, ,    94.7, ,   212.9, ,   137.4, ,    72.4, ,   123.5, ,   204.7, ,   174.5, ,  1819.5, ,   497.3, ,   489.0, ,   445.0, ,   400.5, ,
1984,   155.5, ,   140.3, ,   104.2, ,   232.2, ,   117.3, ,    75.5, ,    61.8, ,   142.7, ,    90.0, ,    66.4, ,   111.3, ,   138.8, ,  1436.2, ,   470.4, ,   453.7, ,   280.0, ,   267.8, ,
1985,   135.2, ,    76.9, ,   116.3, ,    65.4, ,   155.3, ,   226.1, ,    97.7, ,   182.3, ,    32.9, ,   110.2, ,   132.6, ,   117.1, ,  1448.1, ,   350.9, ,   337.0, ,   506.2, ,   275.7, ,
1986,   149.1, ,   154.7, ,   140.4, ,   152.9, ,    81.3, ,   143.3, ,    96.9, ,   145.3, ,   155.3, ,    78.6, ,   157.7, ,    84.9, ,  1540.3, ,   420.9, ,   374.6, ,   385.4, ,   391.6, ,
1987,   196.5, ,    40.0, ,   122.8, ,   103.3, ,    50.8, ,   131.3, ,    46.8, ,    80.6, ,   185.9, ,   176.0, ,   164.8, ,   150.1, ,  1448.7, ,   321.3, ,   276.8, ,   258.6, ,   526.7, ,
1988,    97.4, ,   170.9, ,   140.9, ,   286.5, ,   117.1, ,   164.8, ,   125.5, ,    62.0, ,    62.6, ,   155.5, ,   222.4, ,    70.1, ,  1675.8, ,   418.4, ,   544.5, ,   352.3, ,   440.5, ,
1989,    96.2, ,   171.0, ,   195.7, ,   126.9, ,   112.3, ,   136.3, ,    83.1, ,    74.7, ,   129.1, ,   149.8, ,   191.6, ,    73.8, ,  1540.3, ,   337.3, ,   434.8, ,   294.1, ,   470.4, ,
1990,   119.1, ,   135.6, ,    71.4, ,   205.0, ,   213.3, ,   132.7, ,    44.1, ,    91.5, ,   107.1, ,   271.1, ,    97.3, ,   274.7, ,  1762.9, ,   328.5, ,   489.6, ,   268.3, ,   475.6, ,
1991,   102.2, ,    96.8, ,   179.8, ,    97.3, ,    77.4, ,    25.5, ,    85.7, ,   112.2, ,   204.8, ,   165.6, ,   185.6, ,   160.5, ,  1493.4, ,   473.7, ,   354.5, ,   223.4, ,   556.1, ,
1992,   124.1, ,   148.2, ,   185.7, ,    92.2, ,    64.8, ,   100.8, ,    82.1, ,    71.3, ,   103.3, ,   212.8, ,   110.0, ,   125.9, ,  1421.2, ,   432.8, ,   342.7, ,   254.1, ,   426.2, ,
1993,   121.1, ,   131.8, ,   122.5, ,   109.6, ,   117.5, ,    98.7, ,   114.8, ,    43.7, ,    98.3, ,   276.9, ,    94.5, ,   216.7, ,  1546.2, ,   378.8, ,   349.6, ,   257.3, ,   469.8, ,
1994,   121.7, ,    70.2, ,   228.7, ,    93.6, ,   216.8, ,   139.4, ,    73.9, ,   173.4, ,   121.8, ,    85.9, ,   184.6, ,   148.8, ,  1658.7, ,   408.5, ,   539.1, ,   386.7, ,   392.2, ,
1995,   169.1, ,   100.3, ,    78.1, ,    54.5, ,   143.6, ,   134.2, ,   120.6, ,    75.9, ,    87.0, ,    93.5, ,   128.5, ,   185.5, ,  1370.8, ,   418.1, ,   276.2, ,   330.7, ,   309.1, ,
1996,   114.6, ,   154.9, ,   101.6, ,   183.5, ,   160.7, ,    37.3, ,   171.2, ,    68.6, ,   427.9, ,   155.9, ,   111.9, ,   172.8, ,  1861.0, ,   455.0, ,   445.7, ,   277.1, ,   695.8, ,
1997,   166.1, ,   110.0, ,   128.9, ,   155.6, ,   135.5, ,    92.4, ,    43.0, ,    98.6, ,    79.4, ,    48.2, ,   284.1, ,   125.0, ,  1466.8, ,   448.9, ,   420.0, ,   234.0, ,   411.7, ,
1998,   160.5, ,   110.8, ,   121.2, ,   178.2, ,   192.5, ,   100.9, ,   218.4, ,    79.7, ,   166.4, ,   147.7, ,    96.0, ,   120.7, ,  1693.0, ,   396.3, ,   491.9, ,   399.0, ,   410.1, ,
1999,   129.0, ,   161.1, ,   201.0, ,   136.0, ,    49.3, ,    82.5, ,   178.8, ,   107.4, ,    54.0, ,   181.1, ,   117.5, ,   124.6, ,  1522.3, ,   410.8, ,   386.3, ,   368.7, ,   352.6, ,
2000,   190.4, ,    74.3, ,   110.7, ,   154.1, ,   113.8, ,    77.0, ,   181.2, ,    99.6, ,    71.2, ,   337.2, ,   237.1, ,   124.1, ,  1770.7, ,   389.2, ,   378.7, ,   357.8, ,   645.5, ,
2001,   136.9, ,   162.3, ,   124.2, ,   179.3, ,    53.0, ,    65.4, ,    86.8, ,    67.4, ,    64.2, ,   102.9, ,   131.9, ,   148.6, ,  1322.8, ,   423.2, ,   356.6, ,   219.6, ,   298.9, ,
2002,   171.3, ,   210.1, ,   196.3, ,   199.7, ,   103.6, ,   104.1, ,   133.2, ,   106.9, ,   122.7, ,   183.9, ,   248.4, ,   114.8, ,  1894.8, ,   530.0, ,   499.6, ,   344.1, ,   555.0, ,
2003,   193.5, ,   156.2, ,   105.3, ,   219.2, ,    99.0, ,    93.7, ,    42.5, ,   176.5, ,    94.3, ,   141.2, ,    75.7, ,   157.3, ,  1554.4, ,   464.5, ,   423.5, ,   312.7, ,   311.3, ,
2004,    48.1, ,    90.5, ,    92.8, ,   148.5, ,    58.4, ,    60.8, ,    77.9, ,   111.6, ,   108.5, ,   109.3, ,   187.2, ,   162.8, ,  1256.4, ,   295.9, ,   299.7, ,   250.4, ,   405.0, ,
2005,   137.4, ,    47.6, ,   139.2, ,    77.3, ,   161.2, ,    78.0, ,    57.3, ,    96.5, ,   101.7, ,   284.7, ,   135.8, ,   183.4, ,  1500.0, ,   347.8, ,   377.8, ,   231.8, ,   522.1, ,
2006,   121.6, ,    64.5, , -9999.9,M,   153.5, ,    89.8, ,   173.5, , -9999.9,M,    66.8, ,    36.8, ,   180.8, ,    86.9, ,   169.5, , -9999.9,M,   369.5, , -9999.9,M, -9999.9,M,   304.5, ,
2007,   130.5, ,    46.6, ,    66.4, ,   133.4, ,    52.5, ,   167.1, ,   237.9, ,   113.4, ,   131.5, ,    68.3, ,   178.4, , -9999.9,M, -9999.9,M,   346.6, ,   252.3, ,   518.4, ,   378.2, ,
2008,   145.9, ,   147.1, ,   140.3, ,    81.9, ,   221.0, ,    70.6, ,   111.7, ,   200.8, ,    57.7, ,    68.9, ,   161.3, ,   199.7, ,  1606.9, , -9999.9,M,   443.2, ,   383.1, ,   287.8, ,
2009,   108.3, ,   131.4, ,   103.9, ,    87.5, ,    92.6, , -9999.9,M,   136.1, ,   137.5, ,    57.9, , -9999.9,M, -9999.9,M, -9999.9,M, -9999.9,M,   439.4, ,   284.0, , -9999.9,M, -9999.9,M,
2010, -9999.9,M, -9999.9,M, -9999.9,M, -9999.9,M, -9999.9,M, -9999.9,M, -9999.9,M, -9999.9,M, -9999.9,M, -9999.9,M, -9999.9,M, -9999.9,M, -9999.9,M, -9999.9,M, -9999.9,M, -9999.9,M, -9999.9,M,
