8502NHR,MAKKOVIK A               ,NL  ,station joined    , Monthly total of daily adjusted precipitation, mm, Updated to December 2010
8502NHR,MAKKOVIK A               ,NL  ,station jointe    , Total mensuel des chutes de précipitations quotidiennes ajustées, mm, Mise à jour jusqu à décembre 2010
Year,     Jan, ,     Feb, ,     Mar, ,     Apr, ,     May, ,     Jun, ,     Jul, ,     Aug, ,     Sep, ,     Oct, ,     Nov, ,     Dec, ,  Annual, ,  Winter, ,  Spring, ,  Summer, ,  Autumn
An  ,    Janv, ,     Fév, ,    Mars, ,     Avr, ,     Mai, ,    Juin, ,    Juil, ,    Août, ,    Sept, ,     Oct, ,     Nov, ,     Déc, ,  Annuel, ,   Hiver, ,Printemp, ,     Eté, , Automne
1942,     7.5, ,    62.5, ,    15.5, ,    23.2, ,    49.4, ,   108.0, ,   100.1, ,    91.4, ,    80.7, ,    47.8, ,    24.3, ,    13.7, ,   624.2, , -9999.9,M,    88.2, ,   299.5, ,   152.7, ,
1943,    38.8, ,    14.4, ,    30.7, ,    29.6, ,    22.1, ,    78.7, ,    57.1, ,    48.1, ,    80.4, ,    25.2, ,    21.6, ,    10.1, ,   456.9, ,    66.9, ,    82.4, ,   183.9, ,   127.3, ,
1944,     3.4, ,    10.1, ,    11.2, ,    21.9, ,    56.0, ,    63.9, ,    71.4, ,    84.2, ,    83.2, ,    10.3, ,    35.2, ,    44.9, ,   495.8, ,    23.7, ,    89.2, ,   219.4, ,   128.7, ,
1945,    58.0, ,    19.6, ,    33.4, ,    39.1, ,    72.5, ,    55.6, ,   117.8, ,    79.3, , -9999.9,M,    55.8, ,    26.4, ,    42.1, , -9999.9,M,   122.4, ,   145.0, ,   252.7, , -9999.9,M,
1946,    32.3, ,    55.4, ,    57.4, ,    80.1, ,    87.9, ,    84.2, ,    38.9, , -9999.9,M,    49.3, ,    52.2, ,    54.9, ,    54.5, , -9999.9,M,   129.8, ,   225.4, , -9999.9,M,   156.4, ,
1947,    18.7, ,    61.6, ,    15.8, ,    22.2, ,   108.5, ,    78.6, , -9999.9,M, -9999.9,M, -9999.9,M, -9999.9,M,    45.0, ,    78.6, , -9999.9,M,   134.8, ,   146.5, , -9999.9,M, -9999.9,M,
1948,    67.5, ,    65.6, ,    49.0, ,   243.2, ,    87.7, ,    81.8, ,   107.1, ,    68.2, ,   103.8, ,    16.1, ,    39.2, ,    88.2, ,  1017.6, ,   211.8, ,   380.0, ,   257.2, ,   159.1, ,
1949,   115.9, ,   110.0, ,   211.4, ,   101.1, ,    68.0, ,    66.3, ,    84.7, ,    87.3, ,    96.5, , -9999.9,M,   112.8, ,   145.0, , -9999.9,M,   314.1, ,   380.6, ,   238.3, , -9999.9,M,
1950,    85.1, ,    41.1, ,   136.2, ,    49.7, ,    51.5, ,    95.2, ,    75.9, ,    63.0, ,    65.9, ,   139.9, ,    95.8, ,    97.9, ,   997.3, ,   271.3, ,   237.4, ,   234.1, ,   301.6, ,
1951,   165.4, ,   124.3, ,   148.5, ,   132.7, ,   129.6, ,    33.8, ,    89.9, ,    88.9, ,   132.2, ,   130.7, ,   148.2, ,    95.2, ,  1419.5, ,   387.6, ,   410.8, ,   212.6, ,   411.1, ,
1952,   222.7, ,    96.5, ,    39.4, ,    66.8, ,    52.0, ,    49.3, ,    89.3, ,   161.7, ,    92.6, ,    90.6, ,    78.6, ,    26.9, ,  1066.4, ,   414.5, ,   158.1, ,   300.3, ,   261.9, ,
1953,    50.5, ,    75.6, ,    26.7, ,   108.1, ,    54.7, ,   110.0, ,    97.9, ,   186.4, ,   140.0, ,    48.1, ,    37.8, ,   105.5, ,  1041.5, ,   152.9, ,   189.6, ,   394.4, ,   225.9, ,
1954,    89.5, ,    39.8, ,    92.1, ,   102.2, ,    41.0, ,    43.5, ,    94.0, ,    98.8, ,    99.7, ,    65.3, ,    64.5, ,    55.0, ,   885.3, ,   234.9, ,   235.2, ,   236.3, ,   229.4, ,
1955,    69.1, , -9999.9,M,    82.0, ,    53.8, ,    33.9, , -9999.9,M,    68.1, ,    77.7, ,    61.1, ,    48.4, ,   119.0, ,    59.1, , -9999.9,M, -9999.9,M,   169.8, , -9999.9,M,   228.5, ,
1956,    71.3, ,    10.8, ,    18.0, ,    18.6, ,    16.1, ,    79.6, ,    79.0, ,   109.4, ,    75.2, ,    77.9, ,    75.6, ,    30.8, ,   662.2, ,   141.1, ,    52.7, ,   268.0, ,   228.7, ,
1957,    22.5, ,    37.9, ,    20.2, ,    33.8, ,    52.8, ,    51.7, ,   141.9, ,    82.6, ,    84.8, ,    33.7, ,    62.1, ,   143.9, ,   768.0, ,    91.2, ,   106.8, ,   276.2, ,   180.6, ,
1958,    27.9, ,    40.8, ,    46.7, ,    75.7, ,   109.8, ,    82.0, ,   203.2, ,   209.7, ,   104.9, ,    47.1, ,   175.4, ,   117.6, ,  1240.8, ,   212.6, ,   232.2, ,   494.9, ,   327.4, ,
1959,   117.3, ,    24.5, ,   126.5, ,    33.8, ,    60.6, ,    64.5, ,    73.4, ,    73.3, ,    97.4, ,   141.4, ,    79.4, ,    49.4, ,   941.7, ,   259.4, ,   220.9, ,   211.3, ,   318.2, ,
1960,   115.2, ,    51.6, ,    17.1, ,    49.6, ,    19.9, ,    16.2, ,    40.7, ,    43.4, ,    66.3, ,    80.9, ,    68.8, ,    39.1, ,   608.9, ,   216.3, ,    86.7, ,   100.3, ,   216.0, ,
1961,   197.8, ,    34.2, ,   134.7, ,    14.4, ,   101.8, ,   176.0, ,   152.1, ,    38.5, ,    73.7, ,    98.5, ,    22.0, ,    34.5, ,  1078.3, ,   271.1, ,   251.0, ,   366.6, ,   194.2, ,
1962,    26.7, ,     8.4, ,    66.5, ,    36.1, ,    65.3, ,    95.5, ,    61.4, ,   127.6, ,    74.8, ,    67.9, ,   122.3, ,    56.8, ,   809.4, ,    69.6, ,   167.9, ,   284.5, ,   265.0, ,
1963,   178.0, ,   149.9, ,   108.5, ,    45.2, ,    65.4, ,   109.4, ,    55.2, ,    52.4, ,   101.8, ,    80.5, ,    98.1, ,   205.6, ,  1249.9, ,   384.7, ,   219.1, ,   217.0, ,   280.4, ,
1964,    61.9, ,   173.4, ,   133.0, ,    29.9, ,    30.2, ,   117.7, ,    90.8, ,    52.1, ,    87.6, ,    98.7, ,    50.6, ,    72.0, ,   998.0, ,   440.8, ,   193.2, ,   260.7, ,   236.9, ,
1965,   122.4, ,    71.8, ,   271.9, ,    86.7, ,    68.0, ,    76.4, ,    72.1, ,   200.1, ,    88.9, ,    70.3, ,   114.9, ,    82.8, ,  1326.4, ,   266.2, ,   426.6, ,   348.6, ,   274.1, ,
1966,    84.8, ,    77.7, ,    56.0, ,    59.0, ,   134.6, ,   124.0, ,   204.9, ,    93.3, ,    47.1, ,   138.4, ,    82.7, ,    72.5, ,  1175.0, ,   245.3, ,   249.6, ,   422.1, ,   268.2, ,
1967,   139.3, ,   218.0, ,    42.2, ,    35.2, ,    45.9, ,    44.1, ,   102.3, ,    47.1, ,    51.2, ,    92.1, ,   110.5, ,    98.2, ,  1025.9, ,   429.8, ,   123.3, ,   193.5, ,   253.8, ,
1968,    77.4, ,    67.4, ,    25.8, ,    67.7, ,    61.5, ,   147.8, ,   112.5, ,    58.8, ,    77.1, ,   129.8, ,    73.5, ,    70.6, ,   969.8, ,   243.0, ,   154.9, ,   319.1, ,   280.5, ,
1969,    70.8, ,    58.7, ,    52.8, ,    69.3, ,    98.2, ,    51.5, ,   118.7, ,   138.4, ,    59.2, ,    61.9, ,    43.5, ,   141.1, ,   964.3, ,   200.1, ,   220.4, ,   308.6, ,   164.7, ,
1970,    96.7, ,    56.4, ,    91.1, ,    68.0, ,    67.0, ,    60.7, ,    36.4, ,    96.0, ,    22.8, ,    63.5, ,    55.8, ,    88.7, ,   803.2, ,   294.2, ,   226.1, ,   193.1, ,   142.2, ,
1971,   105.4, ,    47.5, ,   170.8, ,    80.2, ,    93.5, ,   143.9, ,    50.6, ,    58.3, ,    73.6, ,   101.0, ,   151.2, ,    90.5, ,  1166.5, ,   241.6, ,   344.5, ,   252.8, ,   325.8, ,
1972,   101.2, ,   126.5, ,   108.2, ,    67.5, ,    57.0, ,    51.0, ,    61.5, ,    79.3, ,    43.7, ,    87.5, ,   139.0, ,    96.1, ,  1018.6, ,   318.2, ,   232.8, ,   191.8, ,   270.3, ,
1973,   108.8, ,   124.2, ,    89.4, ,    74.7, ,    32.1, ,    76.5, ,   124.8, ,    97.9, ,    42.7, ,    50.4, ,   118.8, ,   114.5, ,  1054.7, ,   329.1, ,   196.3, ,   299.1, ,   211.8, ,
1974,    65.4, ,   149.3, ,   134.7, ,   102.2, ,    47.3, ,    51.1, ,    97.7, ,   110.4, ,    43.4, ,   148.2, ,    89.4, ,    79.4, ,  1118.4, ,   329.1, ,   284.2, ,   259.1, ,   281.1, ,
1975,    35.0, ,    25.9, ,   212.9, ,   227.0, ,    54.9, ,    37.8, ,   169.0, ,    49.2, ,    57.0, ,   123.4, ,   108.5, ,   137.4, ,  1238.1, ,   140.3, ,   494.8, ,   256.0, ,   289.0, ,
1976,   129.4, ,    52.6, ,   109.3, ,   155.9, ,    53.0, ,    49.1, ,    84.9, ,    78.2, ,   138.9, ,    94.8, ,    93.9, ,    88.9, ,  1128.9, ,   319.4, ,   318.3, ,   212.2, ,   327.5, ,
1977,   194.9, ,   126.6, ,    57.6, ,    90.1, ,    56.6, ,    17.9, ,    34.1, ,    43.3, ,    19.9, ,    44.7, ,    33.3, ,   113.3, ,   832.4, ,   410.4, ,   204.3, ,    95.4, ,    97.9, ,
1978,   183.3, ,   216.0, ,    81.5, ,   123.8, ,    47.9, ,    40.4, ,    47.6, ,    43.7, ,    46.9, ,    44.0, ,    33.3, ,    62.8, ,   971.3, ,   512.7, ,   253.2, ,   131.7, ,   124.3, ,
1979,    66.4, ,   130.5, ,    57.3, ,    44.2, ,    36.0, ,    43.8, ,    61.2, ,    37.3, ,    37.9, ,    63.3, ,    80.6, ,    61.1, ,   719.6, ,   259.7, ,   137.5, ,   142.3, ,   181.8, ,
1980,    89.6, ,   237.1, ,   141.6, ,    63.5, ,    85.8, ,    56.9, ,    55.5, ,    23.2, ,    39.7, ,    75.0, ,    91.1, ,   147.4, ,  1106.4, ,   387.8, ,   290.9, ,   135.6, ,   205.8, ,
1981,   133.9, ,    51.3, ,    48.8, ,    99.6, ,    45.1, ,    38.4, ,    81.1, ,    38.3, ,    74.0, ,    43.3, ,    49.4, ,    84.7, ,   787.8, ,   332.6, ,   193.4, ,   157.8, ,   166.6, ,
1982,   130.2, ,    61.0, ,    90.6, ,    98.7, ,    64.4, ,    42.1, ,    44.0, ,   134.3, ,    76.5, ,    34.9, ,    50.2, ,    86.1, ,   913.1, ,   276.0, ,   253.7, ,   220.4, ,   161.6, ,
1983,    55.9, ,   132.3, ,   198.0, ,    60.7, ,    30.4, ,    43.2, ,   145.0, ,    46.7, ,   119.7, ,    57.0, ,   134.6, ,   150.6, ,  1173.9, ,   274.3, ,   289.0, ,   234.8, ,   311.2, ,
1984,    47.9, ,   152.1, ,   135.8, ,    35.2, , -9999.9,M,    81.1, ,   186.5, , -9999.9,M, -9999.9,M, -9999.9,M, -9999.9,M, -9999.9,M, -9999.9,M,   350.7, , -9999.9,M, -9999.9,M, -9999.9,M,
1985, -9999.9,M, -9999.9,M, -9999.9,M, -9999.9,M, -9999.9,M, -9999.9,M, -9999.9,M, -9999.9,M, -9999.9,M, -9999.9,M, -9999.9,M, -9999.9,M, -9999.9,M, -9999.9,M, -9999.9,M, -9999.9,M, -9999.9,M,
1986,   158.5, ,   159.7, ,   103.3, ,    34.8, ,    22.2, ,   118.8, ,   108.9, ,    58.0, ,    69.3, ,    58.0, ,   162.3, ,    64.3, ,  1118.1, , -9999.9,M,   160.3, ,   285.7, ,   289.5, ,
1987,    76.4, ,   280.0, ,    78.6, ,    23.9, ,    68.5, ,    73.1, ,   116.3, ,    71.1, ,    76.4, ,   117.3, ,    77.7, ,   110.2, ,  1169.6, ,   420.8, ,   171.0, ,   260.5, ,   271.4, ,
1988,    95.9, ,    78.9, ,   119.1, ,    37.9, ,    63.6, ,   145.2, ,    75.5, ,    42.0, ,   151.8, ,    36.8, ,   137.2, ,    89.0, ,  1072.8, ,   285.0, ,   220.6, ,   262.7, ,   325.8, ,
1989,    50.4, ,    33.3, ,    76.3, ,    92.8, ,    47.7, ,    48.1, ,   110.9, ,   236.5, ,   106.1, ,    56.8, ,   131.6, ,   179.0, ,  1169.4, ,   172.6, ,   216.8, ,   395.4, ,   294.5, ,
1990,    67.0, ,    34.7, ,    36.5, ,    52.7, ,    24.9, ,    94.6, ,    90.9, ,    70.4, ,   112.5, ,    82.1, ,   141.6, ,    71.7, ,   879.7, ,   280.7, ,   114.1, ,   256.0, ,   336.2, ,
1991,    33.6, ,    36.1, ,    76.2, ,    42.5, ,    41.5, ,   239.5, ,    92.0, ,   111.7, ,   146.7, ,    82.5, ,    76.8, ,    43.0, ,  1022.2, ,   141.3, ,   160.2, ,   443.3, ,   306.1, ,
1992,   103.5, ,    30.7, ,   135.0, ,    86.8, ,    42.1, ,    61.3, ,   114.6, ,   130.5, ,    65.6, ,    91.6, ,    35.5, ,    61.5, ,   958.9, ,   177.3, ,   264.0, ,   306.4, ,   192.7, ,
1993,    28.0, ,   112.2, ,   112.5, ,    35.2, ,    84.4, ,    54.4, ,    52.3, ,   127.4, ,   104.6, ,   143.3, ,    64.5, ,    72.0, ,   990.8, ,   201.6, ,   232.1, ,   234.1, ,   312.5, ,
1994,   104.0, ,    74.2, ,    63.5, ,    64.7, ,    39.0, ,    38.3, ,    68.6, ,   214.4, ,    48.6, ,   157.2, ,   149.0, ,   104.1, ,  1125.5, ,   250.3, ,   167.2, ,   321.3, ,   354.7, ,
1995,   107.1, ,    55.9, ,    27.9, ,    91.4, ,    36.2, ,    91.6, ,   118.9, ,    52.2, ,   109.6, ,    99.8, ,    55.1, ,    90.0, ,   935.8, ,   267.1, ,   155.5, ,   262.8, ,   264.5, ,
1996,    70.0, ,   103.7, ,   151.2, ,    47.4, ,    46.7, ,   142.0, ,    88.5, ,    74.8, ,    67.6, ,   103.4, ,    39.5, ,   188.7, ,  1123.4, ,   263.7, ,   245.4, ,   305.2, ,   210.5, ,
1997,    99.5, ,    11.2, ,   101.1, ,   165.8, ,   108.7, ,    96.8, ,   196.1, ,    78.8, ,   103.3, ,    37.0, ,   105.4, ,   125.6, ,  1229.3, ,   299.4, ,   375.6, ,   371.7, ,   245.8, ,
1998,    88.9, ,   112.2, ,    67.0, ,    59.1, ,    69.6, ,   132.1, ,    81.3, ,    56.6, ,    87.8, ,   123.1, ,   130.9, ,   137.5, ,  1146.0, ,   326.6, ,   195.8, ,   270.0, ,   341.8, ,
1999,    79.3, ,    61.6, ,   149.0, ,   101.2, ,   105.8, ,    92.0, ,   138.0, ,   165.6, ,   188.1, , -9999.9,M,    97.2, ,    35.9, , -9999.9,M,   278.5, ,   356.1, ,   395.6, , -9999.9,M,
2000,   144.6, ,    87.9, ,    48.0, ,    79.6, ,    88.1, ,    94.4, ,    83.3, ,    51.6, ,    61.2, ,    66.3, ,    33.5, ,   198.5, ,  1037.0, ,   268.4, ,   215.7, ,   229.3, ,   160.9, ,
2001,    62.2, ,    88.2, ,   122.2, ,    65.7, ,    12.9, ,   110.8, ,   163.5, ,    69.0, ,    53.8, ,    81.9, ,   119.3, ,   176.9, ,  1126.3, ,   348.9, ,   200.8, ,   343.2, ,   255.0, ,
2002,    31.1, ,   202.9, ,   131.5, ,   107.9, ,    96.5, ,    74.7, ,   154.2, ,   130.5, ,   164.8, ,   176.9, ,    94.8, ,    66.4, ,  1432.2, ,   410.8, ,   335.9, ,   359.3, ,   436.6, ,
2003,   146.0, ,   125.5, ,   124.2, ,    90.9, ,     5.8, ,    99.9, ,    88.6, ,   113.6, ,    71.8, ,   183.1, ,    97.2, ,    67.7, ,  1214.3, ,   337.9, ,   220.9, ,   302.1, ,   352.0, ,
2004,   224.2, ,   122.3, ,    59.1, ,   102.2, ,   100.8, ,   129.7, ,    69.7, ,    73.1, ,    44.5, ,    77.9, ,    50.2, ,    84.6, ,  1138.3, ,   414.2, ,   262.1, ,   272.5, ,   172.6, ,
2005,    93.4, , -9999.9,M, -9999.9,M,    59.7, ,    34.7, , -9999.9,M,   126.8, ,   116.3, ,   103.0, ,   114.7, ,    67.6, ,   142.9, , -9999.9,M, -9999.9,M, -9999.9,M, -9999.9,M,   285.3, ,
2006,   175.2, ,   191.5, , -9999.9,M,    23.5, ,    40.5, , -9999.9,M, -9999.9,M, -9999.9,M, -9999.9,M, -9999.9,M, -9999.9,M, -9999.9,M, -9999.9,M,   509.6, , -9999.9,M, -9999.9,M, -9999.9,M,
2007, -9999.9,M, -9999.9,M, -9999.9,M, -9999.9,M, -9999.9,M, -9999.9,M, -9999.9,M, -9999.9,M, -9999.9,M, -9999.9,M, -9999.9,M, -9999.9,M, -9999.9,M, -9999.9,M, -9999.9,M, -9999.9,M, -9999.9,M,
2008, -9999.9,M, -9999.9,M, -9999.9,M, -9999.9,M, -9999.9,M, -9999.9,M, -9999.9,M, -9999.9,M, -9999.9,M, -9999.9,M, -9999.9,M, -9999.9,M, -9999.9,M, -9999.9,M, -9999.9,M, -9999.9,M, -9999.9,M,
2009, -9999.9,M, -9999.9,M, -9999.9,M, -9999.9,M, -9999.9,M, -9999.9,M, -9999.9,M, -9999.9,M, -9999.9,M, -9999.9,M, -9999.9,M, -9999.9,M, -9999.9,M, -9999.9,M, -9999.9,M, -9999.9,M, -9999.9,M,
2010, -9999.9,M, -9999.9,M, -9999.9,M, -9999.9,M, -9999.9,M, -9999.9,M, -9999.9,M, -9999.9,M, -9999.9,M, -9999.9,M, -9999.9,M, -9999.9,M, -9999.9,M, -9999.9,M, -9999.9,M, -9999.9,M, -9999.9,M,
