8501900,GOOSE                    ,NL  ,station not joined, Monthly total of daily adjusted precipitation, mm, Updated to December 2011
8501900,GOOSE                    ,NL  ,station pas jointe, Total mensuel des chutes de précipitations quotidiennes ajustées, mm, Mise à jour jusqu à décembre 2011
Year,     Jan, ,     Feb, ,     Mar, ,     Apr, ,     May, ,     Jun, ,     Jul, ,     Aug, ,     Sep, ,     Oct, ,     Nov, ,     Dec, ,  Annual, ,  Winter, ,  Spring, ,  Summer, ,  Autumn
An  ,    Janv, ,     Fév, ,    Mars, ,     Avr, ,     Mai, ,    Juin, ,    Juil, ,    Août, ,    Sept, ,     Oct, ,     Nov, ,     Déc, ,  Annuel, ,   Hiver, ,Printemp, ,     Eté, , Automne
1942,    18.1, ,   154.6, ,    76.2, ,    15.7, ,    31.2, ,   151.5, ,   115.5, ,    86.4, ,    71.5, ,    68.1, ,    67.1, ,    45.6, ,   901.4, , -9999.9,M,   123.1, ,   353.4, ,   206.7, ,
1943,    73.6, ,    45.0, ,    67.4, ,    35.4, ,    45.9, ,    95.2, ,   101.4, ,    91.9, ,    38.2, ,    70.9, ,    81.0, ,    53.8, ,   799.8, ,   164.3, ,   148.8, ,   288.5, ,   190.1, ,
1944,    26.9, ,    65.6, ,   147.6, ,    24.0, ,    47.5, ,    55.8, ,    72.8, ,   113.8, ,   101.6, ,    91.4, ,   126.4, ,    89.7, ,   963.1, ,   146.3, ,   219.1, ,   242.4, ,   319.4, ,
1945,    89.9, ,    42.8, ,    31.1, ,    38.7, ,    47.6, ,    50.5, ,    91.5, ,    26.5, ,    54.7, ,    65.2, ,    24.6, ,    88.3, ,   651.3, ,   222.4, ,   117.3, ,   168.5, ,   144.4, ,
1946,    68.7, ,    84.2, ,    26.1, ,    78.2, ,    74.0, ,    46.2, ,    73.6, ,    95.9, ,    30.2, ,    81.0, ,    75.5, ,    93.3, ,   826.9, ,   241.2, ,   178.3, ,   215.7, ,   186.7, ,
1947,    54.3, ,    82.9, ,    18.6, ,    68.5, ,    97.9, ,    29.0, ,    87.6, ,    42.7, ,    85.1, ,    75.0, ,    20.8, ,    61.2, ,   723.6, ,   230.5, ,   185.0, ,   159.3, ,   180.9, ,
1948,    43.8, ,    38.1, ,    30.9, ,    78.4, ,    76.2, ,    72.4, ,    83.2, ,    53.2, ,    81.4, ,    38.1, ,    58.3, ,    69.2, ,   723.2, ,   143.1, ,   185.4, ,   208.8, ,   177.8, ,
1949,    58.0, ,    43.3, ,   133.7, ,   113.4, ,    57.7, ,    52.2, ,    83.4, ,   113.3, ,    82.6, ,    58.0, ,    94.5, ,    82.7, ,   972.7, ,   170.6, ,   304.7, ,   248.9, ,   235.1, ,
1950,    82.7, ,    65.0, ,   112.6, ,    24.7, ,    78.3, ,    92.8, ,   118.5, ,    70.3, ,    35.2, ,    93.0, ,   118.4, ,    78.2, ,   969.5, ,   230.3, ,   215.6, ,   281.6, ,   246.5, ,
1951,   155.4, ,    51.7, ,    53.5, ,    92.6, ,    76.1, ,    40.0, ,    82.5, ,    97.1, ,    71.9, ,    77.5, ,    72.5, ,    61.4, ,   932.2, ,   285.2, ,   222.2, ,   219.6, ,   221.9, ,
1952,   162.3, ,    93.8, ,    75.2, ,    51.0, ,    52.9, ,    77.5, ,   106.0, ,   177.6, ,    87.0, ,    63.2, ,    47.6, ,    14.6, ,  1008.9, ,   317.5, ,   179.2, ,   361.2, ,   197.9, ,
1953,   109.8, ,   143.7, ,    60.7, ,   103.5, ,    36.2, ,    96.5, ,    93.6, ,   245.1, ,    85.9, ,    54.1, ,    62.1, ,   121.4, ,  1212.5, ,   268.1, ,   200.3, ,   435.3, ,   202.1, ,
1954,    88.9, ,    60.5, ,   137.2, ,    81.2, ,    53.9, ,    94.9, ,    69.6, ,    98.4, ,   134.4, ,    66.8, ,    82.2, ,   117.4, ,  1085.5, ,   270.8, ,   272.3, ,   263.0, ,   283.4, ,
1955,    87.4, ,    93.5, ,   103.9, ,    63.9, ,    52.1, ,    65.2, ,    54.7, ,    71.6, ,   110.8, ,    86.5, ,   142.5, ,    70.4, ,  1002.6, ,   298.4, ,   219.9, ,   191.5, ,   339.8, ,
1956,   184.2, ,    69.8, ,    85.2, ,    76.0, ,    47.3, ,   110.2, ,    85.7, ,    87.3, ,    75.6, ,    75.3, ,    93.8, ,    93.4, ,  1083.7, ,   324.4, ,   208.5, ,   283.1, ,   244.7, ,
1957,    32.1, ,   100.8, ,   151.6, ,    99.6, ,   140.8, ,   129.1, ,    95.7, ,   102.4, ,   132.2, ,    70.1, ,    64.5, ,    62.4, ,  1181.1, ,   226.3, ,   392.0, ,   327.1, ,   266.7, ,
1958,    62.5, ,    61.7, ,    39.4, ,   139.5, ,   104.9, ,   105.8, ,   124.5, ,   169.8, ,   151.2, ,    88.7, ,    94.4, ,    47.5, ,  1189.7, ,   186.6, ,   283.8, ,   400.0, ,   334.2, ,
1959,    69.9, ,    43.8, ,    90.6, ,    38.5, ,    70.1, ,    63.8, ,    82.7, ,    67.8, ,    62.3, ,    86.8, ,   101.2, ,    69.1, ,   846.6, ,   161.2, ,   199.2, ,   214.3, ,   250.3, ,
1960,   129.4, ,    55.2, ,    58.7, ,   148.0, ,    52.1, ,   100.8, ,   145.1, ,    92.2, ,   121.3, ,    82.3, ,    53.7, ,    63.2, ,  1102.0, ,   253.7, ,   258.8, ,   338.1, ,   257.3, ,
1961,    92.4, ,    20.0, ,    45.8, ,    26.8, ,   139.5, ,    86.0, ,   173.2, ,    75.6, ,    90.6, ,   138.1, ,    62.2, ,    61.3, ,  1011.4, ,   175.6, ,   212.1, ,   334.7, ,   290.9, ,
1962,    56.4, ,    67.7, ,    93.2, ,    76.2, ,    73.8, ,    75.6, ,   102.6, ,    60.1, ,    73.3, ,    89.0, ,   124.5, ,    45.3, ,   937.8, ,   185.4, ,   243.1, ,   238.3, ,   286.9, ,
1963,   137.5, ,   102.3, ,    92.0, ,    47.7, ,    58.0, ,   174.4, ,   221.3, ,    85.9, ,   122.2, ,    73.3, ,    92.9, ,   144.0, ,  1351.3, ,   285.1, ,   197.7, ,   481.6, ,   288.3, ,
1964,    51.9, ,   113.5, ,   153.5, ,    35.1, ,   107.2, ,   160.9, ,   138.2, ,   114.8, ,    63.6, ,   123.4, ,    88.3, ,    79.1, ,  1229.5, ,   309.4, ,   295.8, ,   413.9, ,   275.2, ,
1965,   124.1, ,    60.0, ,   206.3, ,    59.2, ,    67.1, ,   153.2, ,   127.1, ,    92.1, ,    81.5, ,    69.5, ,    95.4, ,    70.0, ,  1205.4, ,   263.1, ,   332.5, ,   372.4, ,   246.4, ,
1966,    86.2, ,    44.3, ,    45.9, ,    27.3, ,   104.5, ,   102.6, ,   215.2, ,   100.3, ,    54.1, ,   160.8, ,    80.8, ,   132.5, ,  1154.4, ,   200.5, ,   177.6, ,   418.1, ,   295.6, ,
1967,   107.3, ,    62.3, ,    25.4, ,    34.1, ,    48.9, ,    61.0, ,   135.4, ,   107.7, ,    80.3, ,    43.5, ,   104.7, ,   115.2, ,   925.8, ,   302.1, ,   108.4, ,   304.0, ,   228.5, ,
1968,    94.3, ,   119.8, ,   114.2, ,    77.6, ,    52.3, ,    68.4, ,   137.8, ,   139.9, ,    91.4, ,   143.9, ,   116.4, ,   133.1, ,  1288.9, ,   329.3, ,   244.1, ,   346.0, ,   351.6, ,
1969,    67.5, ,    47.3, ,    89.3, ,    42.1, ,    65.9, ,    98.3, ,    97.5, ,   160.4, ,   123.6, ,    64.8, ,   107.4, ,   161.6, ,  1125.7, ,   247.9, ,   197.3, ,   356.2, ,   295.8, ,
1970,    49.2, ,    56.0, ,   135.7, ,    72.2, ,    87.6, ,   112.2, ,   131.1, ,   118.1, ,    69.5, ,    68.3, ,    43.9, ,    89.0, ,  1032.8, ,   266.8, ,   295.4, ,   361.4, ,   181.8, ,
1971,   105.3, ,    48.9, ,   161.4, ,    79.2, ,    78.4, ,   114.4, ,   108.3, ,   152.4, ,    92.2, ,    38.1, ,   171.8, ,    64.8, ,  1215.2, ,   243.1, ,   318.9, ,   375.1, ,   302.2, ,
1972,    71.9, ,    60.3, ,    92.6, ,    70.3, ,    44.1, ,   121.0, ,    63.6, ,   147.9, ,    88.8, ,    69.6, ,    73.8, ,    60.1, ,   964.1, ,   196.9, ,   207.0, ,   332.6, ,   232.2, ,
1973,   107.3, ,    95.6, ,    47.7, ,    43.1, ,    39.3, ,   124.2, ,   131.5, ,    73.0, ,    26.7, ,    79.1, ,    89.0, ,   130.6, ,   987.2, ,   263.1, ,   130.0, ,   328.7, ,   194.9, ,
1974,    32.3, ,    94.8, ,    66.5, ,    81.3, ,    48.8, ,    66.3, ,    68.5, ,    93.1, ,    54.4, ,   105.6, ,    76.0, ,    63.5, ,   851.0, ,   257.6, ,   196.6, ,   227.9, ,   236.0, ,
1975,    31.1, ,    14.0, ,   150.4, ,   107.8, ,    23.4, ,    84.5, ,    75.8, ,    69.9, ,   103.6, ,    64.1, ,    99.2, ,   148.9, ,   972.7, ,   108.6, ,   281.5, ,   230.3, ,   266.9, ,
1976,   113.6, ,    46.4, ,    64.0, ,   117.6, ,    37.4, ,    25.3, ,   100.0, ,   149.7, ,   170.7, ,   105.4, ,    84.0, ,    78.1, ,  1092.3, ,   308.9, ,   219.0, ,   275.0, ,   360.2, ,
1977,   159.2, ,    85.3, ,    42.5, ,    72.2, ,   130.6, ,    62.5, ,   102.3, ,   113.9, ,   157.4, ,    86.4, ,    71.3, ,   109.2, ,  1192.7, ,   322.6, ,   245.3, ,   278.6, ,   315.1, ,
1978,    95.1, ,    86.7, ,   104.6, ,   132.0, ,    67.5, ,   164.2, ,    96.2, ,   102.8, ,   100.1, ,   109.1, ,    46.0, ,    78.0, ,  1182.3, ,   290.9, ,   304.1, ,   363.2, ,   255.2, ,
1979,    78.6, ,   119.1, ,    87.9, ,    66.4, ,    87.2, ,   115.7, ,   147.1, ,   152.3, ,   109.0, ,   111.6, ,   112.7, ,   147.6, ,  1335.1, ,   275.7, ,   241.5, ,   415.0, ,   333.4, ,
1980,   113.0, ,   117.6, ,    69.3, ,    44.4, ,   124.9, ,   190.9, ,   116.7, ,    52.9, ,   139.7, ,   107.4, ,   145.0, ,   118.0, ,  1339.8, ,   378.2, ,   238.6, ,   360.6, ,   392.1, ,
1981,   136.8, ,    80.8, ,    79.3, ,   142.8, ,    86.1, ,   140.7, ,   167.7, ,    99.1, ,   136.4, ,   118.1, ,    97.3, ,   123.7, ,  1408.9, ,   335.6, ,   308.2, ,   407.5, ,   351.8, ,
1982,   127.0, ,    80.2, ,   107.6, ,   139.8, ,    81.4, ,   103.0, ,    84.6, ,   119.8, ,    97.7, ,    37.0, ,    65.2, ,   157.9, ,  1201.1, ,   330.8, ,   328.8, ,   307.5, ,   199.9, ,
1983,    75.5, ,   105.6, ,   200.5, ,    82.6, ,    76.1, ,    92.9, ,   156.3, ,    62.6, ,    74.0, ,   104.4, ,   216.1, ,   183.5, ,  1430.2, ,   339.0, ,   359.2, ,   311.8, ,   394.6, ,
1984,    76.6, ,   152.1, ,   117.3, ,    60.7, ,    99.2, ,   149.2, ,   101.5, ,    27.5, ,   128.3, ,    47.9, ,   151.5, ,   168.0, ,  1279.6, ,   412.2, ,   277.1, ,   278.2, ,   327.7, ,
1985,   267.5, ,    54.4, ,   129.1, ,    83.0, ,    79.9, ,    91.2, ,   244.0, ,   160.2, ,    86.7, ,    70.6, ,    32.5, ,    48.2, ,  1347.3, ,   489.9, ,   292.1, ,   495.4, ,   189.7, ,
1986,   110.0, ,    35.4, ,    58.8, ,    67.4, ,    50.3, ,   124.0, ,    93.2, ,   129.1, ,   120.7, ,   100.1, ,   100.6, ,    55.5, ,  1045.2, ,   193.6, ,   176.6, ,   346.3, ,   321.4, ,
1987,    26.5, ,   178.6, ,    45.1, ,    33.8, ,    57.8, ,    89.1, ,   111.7, ,    82.9, ,    97.2, ,    98.8, ,    66.7, ,    62.9, ,   951.1, ,   260.6, ,   136.7, ,   283.7, ,   262.7, ,
1988,   113.8, ,    84.4, ,   115.1, ,    11.9, ,    66.5, ,   134.6, ,    97.3, ,    35.7, ,    92.7, ,    83.6, ,   110.0, ,    51.4, ,   997.0, ,   261.1, ,   193.5, ,   267.6, ,   286.3, ,
1989,    30.2, ,    16.4, ,    52.7, ,   108.8, ,    97.7, ,    77.4, ,   185.9, ,   184.3, ,   122.6, ,    74.0, ,   162.8, ,   148.1, ,  1261.0, ,    97.9, ,   259.3, ,   447.7, ,   359.3, ,
1990,    92.4, ,    48.8, ,    20.0, ,    69.3, ,    60.4, ,    90.5, ,    96.5, ,   117.2, ,    86.1, ,    74.4, ,   106.7, ,   110.1, ,   972.6, ,   289.4, ,   149.7, ,   304.3, ,   267.3, ,
1991,    43.5, ,    37.1, ,    67.9, ,    30.5, ,    32.2, ,   158.4, ,    98.6, ,    96.6, ,    62.5, ,   122.4, ,    76.7, ,    66.0, ,   892.4, ,   190.7, ,   130.6, ,   353.6, ,   261.6, ,
1992,    66.4, ,    30.1, ,   147.1, ,   117.5, ,    91.1, ,    66.1, ,   124.4, ,   131.1, ,    66.2, ,    98.9, ,    23.3, ,    54.5, ,  1016.7, ,   162.6, ,   355.7, ,   321.5, ,   188.4, ,
1993,    35.2, ,    97.5, ,   114.0, ,    78.0, ,   107.5, ,    49.4, ,    78.9, ,    66.6, ,    82.8, ,   168.1, ,    33.5, ,    47.8, ,   959.3, ,   187.3, ,   299.5, ,   194.9, ,   284.4, ,
1994,   116.8, ,    56.4, ,    78.9, ,    85.6, ,    62.0, ,    74.5, ,    80.3, ,   170.9, ,    63.7, ,    63.7, ,   134.2, ,   104.8, ,  1091.9, ,   220.9, ,   226.5, ,   325.8, ,   261.7, ,
1995,    46.7, ,    35.9, ,   118.4, ,   102.2, ,    26.9, ,    61.0, ,   134.7, ,    61.8, ,    98.8, ,   102.9, ,    51.5, ,    65.7, ,   906.6, ,   187.4, ,   247.6, ,   257.5, ,   253.2, ,
1996,    77.7, ,   129.2, ,   122.8, ,    55.7, ,    77.3, ,   104.9, ,   180.4, ,    77.0, ,    99.5, ,   117.5, ,    79.3, ,    89.4, ,  1210.7, ,   272.6, ,   255.8, ,   362.4, ,   296.2, ,
1997,    87.0, ,    18.9, ,    62.6, ,   133.6, ,   127.9, ,    81.4, ,   175.9, ,   115.5, ,   141.0, ,    79.3, ,    78.0, ,    65.4, ,  1166.7, ,   195.4, ,   324.1, ,   372.9, ,   298.3, ,
1998,   132.1, ,   117.4, ,    96.1, ,    81.6, ,   113.1, ,    58.3, ,    86.5, ,    58.7, ,   155.7, ,   106.5, ,   100.7, ,    95.4, ,  1202.2, ,   314.9, ,   290.8, ,   203.6, ,   362.9, ,
1999,   116.4, ,    57.2, ,   143.7, ,    69.6, ,    54.7, ,   121.1, ,   172.9, ,   175.5, ,   138.8, ,   112.9, ,   132.9, ,    61.1, ,  1356.7, ,   269.0, ,   267.9, ,   469.5, ,   384.5, ,
2000,   148.6, ,    92.4, ,    52.1, ,    90.2, ,   110.2, ,   126.5, ,   131.9, ,    78.0, ,    54.4, ,    59.3, ,    35.8, ,   145.8, ,  1125.2, ,   302.0, ,   252.5, ,   336.4, ,   149.5, ,
2001,    22.5, ,    98.1, ,   109.7, ,    64.9, ,    20.4, ,    90.8, ,   164.3, ,   104.0, ,    96.9, ,    96.8, ,   107.8, ,   124.3, ,  1100.6, ,   266.4, ,   195.0, ,   359.1, ,   301.6, ,
2002,    21.1, ,    98.2, ,    65.4, ,    50.6, ,    93.6, ,    55.0, ,   143.9, ,   171.7, ,   113.2, ,    96.7, ,    62.6, ,    51.2, ,  1023.0, ,   243.5, ,   209.5, ,   370.6, ,   272.4, ,
2003,   123.5, ,   101.4, ,    87.8, ,    65.1, ,    21.1, ,    89.7, ,   146.4, ,    74.8, ,    47.4, ,   110.3, ,    70.1, ,    60.5, ,   998.0, ,   276.0, ,   174.0, ,   310.9, ,   227.8, ,
2004,   107.9, ,    92.9, ,    49.4, ,   101.3, ,    77.8, ,    68.8, ,   107.3, ,   163.0, ,    49.7, ,    99.4, ,    74.5, ,    94.1, ,  1086.1, ,   261.4, ,   228.4, ,   339.1, ,   223.6, ,
2005,    91.9, ,    94.4, ,    41.4, ,    21.4, ,    66.6, ,    67.1, ,    99.3, ,   128.2, ,    95.8, ,    79.7, ,    76.2, ,    99.5, ,   961.5, ,   280.4, ,   129.4, ,   294.6, ,   251.8, ,
2006,   162.7, ,    86.6, ,    67.8, ,    66.1, ,    77.4, ,   105.8, ,   134.2, ,    87.8, ,    44.4, ,    34.8, ,    96.1, ,    44.1, ,  1007.8, ,   348.8, ,   211.3, ,   327.8, ,   175.4, ,
2007,    89.0, ,    55.1, ,   119.5, ,    58.6, ,    85.4, ,   101.4, ,    92.7, ,   121.0, ,   127.4, ,    92.5, ,   107.2, ,    67.8, ,  1117.6, ,   188.2, ,   263.4, ,   315.1, ,   327.1, ,
2008,    57.6, ,    43.8, ,    69.5, ,    57.9, ,    99.1, ,   109.9, ,   102.5, ,    76.7, ,   126.4, ,    38.8, ,   117.3, ,   101.6, ,  1000.9, ,   169.1, ,   226.5, ,   289.1, ,   282.4, ,
2009,    84.6, ,    50.0, ,    99.2, ,   125.9, ,    67.7, ,    68.5, ,    99.5, ,   120.4, ,   130.2, ,    90.8, ,    64.9, ,    64.3, ,  1066.0, ,   236.2, ,   292.8, ,   288.4, ,   285.8, ,
2010,    86.7, ,   103.4, ,    31.4, ,   107.8, ,   158.7, ,   169.4, ,   134.4, ,    49.8, ,    62.7, ,   143.5, ,    49.8, ,    61.4, ,  1158.8, ,   254.4, ,   297.8, ,   353.6, ,   256.0, ,
2011,    54.0, ,    25.0, ,   108.3, ,    79.6, ,    68.6, ,    65.7, ,   121.1, ,    79.1, ,    80.0, ,    66.2, ,    91.9, ,   116.9, ,   956.2, ,   140.3, ,   256.5, ,   265.8, ,   238.0, ,
