#YEAR TMAX TMIN PRCP SNOW SNWD
0 9 10 14 1 0
1 24 23 32 5 5
2 30 33 40 7 5
3 39 40 50 11 6
4 45 45 56 12 7
5 51 51 59 14 7
6 58 57 64 15 7
7 62 62 67 16 7
8 70 66 73 16 7
9 73 70 74 16 7
10 78 74 75 16 7
11 82 78 76 17 7
12 85 81 77 17 7
13 88 83 79 17 7
14 93 86 82 17 7
15 94 88 83 17 7
16 96 89 83 17 7
17 97 92 86 17 7
18 98 93 87 17 7
19 99 95 90 18 7
20 102 97 93 18 7
21 102 99 94 19 7
22 102 99 99 19 7
23 103 101 100 20 7
24 103 101 100 20 7
25 104 101 101 23 8
26 104 101 104 24 8
27 104 101 107 25 8
28 110 106 114 25 10
29 113 110 120 26 12
30 153 148 161 49 18
31 1219 1219 1219 1219 1219
